0.269561
0.000000
0.004483
0.000000
0.000000
0.000000
0.000000
0.000000
0.000000
0.000000
0.000000
0.000000
0.000257
0.000000
0.000000
0.743335
0.000000
0.100302
2.379269
0.000000
0.000000
0.390537
0.010601
1.565457
0.000000
0.887136
0.000000
0.000000
0.000000
0.059075
0.655150
1.309454
0.089031
0.110821
0.000000
0.000000
0.210916
0.003453
0.092863
0.439230
0.012424
0.000000
0.000000
0.034028
0.004177
0.000000
0.000000
0.262728
0.141319
0.000000
0.000000
0.120042
0.000000
0.000000
0.000000
0.297434
0.000000
0.000000
1.004773
0.000000
0.240198
0.000000
0.000000
0.000000
3.514807
0.000000
0.345348
0.062960
0.000000
0.848644
0.000000
0.000000
0.000000
0.000000
0.230129
0.158069
0.000000
0.569028
0.532893
0.000000
0.416785
0.000000
0.000000
0.055809
0.172213
0.000000
0.000000
0.000000
0.000000
0.034523
0.000000
0.000000
0.096327
0.142124
0.082207
0.563481
0.000000
0.000000
0.030524
0.000000
0.057460
0.000000
0.016709
1.878406
0.012198
0.000000
0.004586
0.002436
0.136316
0.000000
0.091744
1.843968
0.575915
0.000000
0.100359
0.398567
0.009501
0.242184
0.000000
0.000000
0.000000
0.000000
0.000000
0.640765
1.391411
0.045524
0.046021
0.000000
0.038244
1.901776
0.182365
0.335380
1.224692
0.039481
0.221190
0.806236
0.000000
0.000000
0.000000
0.000000
0.000000
0.000000
0.000000
0.000000
2.099056
0.179346
0.000000
0.000000
0.099724
0.000000
0.000000
0.327770
0.597387
0.000000
0.104412
0.399149
0.807815
0.000000
0.000000
0.000000
0.169641
0.892210
0.426128
0.000000
0.404408
0.000000
0.043295
0.867314
0.000000
0.039275
0.867591
0.000000
0.000000
0.000000
0.000000
0.000000
0.000000
0.000000
0.000000
0.023490
0.000000
0.619280
0.496140
0.000000
0.875181
0.000000
0.227356
0.115290
0.015788
1.334371
0.090921
0.000000
0.031094
0.000000
0.000000
0.000000
0.035653
0.000000
0.522469
0.454906
0.613762
0.000000
0.007879
0.271076
0.000000
0.000000
0.000000
0.000000
0.000000
0.000000
0.000000
0.000000
0.000000
1.185233
0.000000
0.011029
0.000000
0.139714
0.165153
0.113805
0.509904
1.735829
0.000000
0.490959
0.555663
0.000000
0.134440
0.000000
0.000000
0.000000
0.478098
0.211723
0.000000
0.423322
0.787139
0.000000
0.214671
0.000000
0.000000
0.000000
0.078901
0.000000
0.000000
0.000000
0.000000
0.198233
1.215496
0.000000
0.000000
0.058726
0.115737
0.000000
1.884298
0.882100
0.000000
0.000000
1.926759
0.000000
0.012804
0.000000
0.042770
0.000000
0.010389
0.000000
0.143350
0.000000
0.000000
0.146948
0.221631
0.000000
0.000000
0.029127
0.052676
0.023332
0.431963
0.000000
0.000000
0.019028
2.938328
0.161123
0.000000
0.189601
0.027030
1.275447
0.042688
0.000000
0.002644
0.000000
0.087465
0.198857
0.000000
0.200124
0.000000
0.000000
0.000000
0.368043
0.156550
0.000000
0.200062
1.118154
0.000000
0.085822
0.000000
0.000000
0.000000
0.000308
2.007410
0.000000
0.000000
0.315008
0.537593
0.469404
0.000000
0.387258
0.000000
0.000000
0.000000
0.000000
0.000000
1.667800
0.000000
0.375407
0.250948
0.000000
0.000000
0.000000
0.896303
0.412328
0.265466
0.000000
0.000000
0.808368
0.000000
0.000000
0.016396
0.002343
1.108843
0.000000
1.392386
0.000000
0.129629
0.000000
0.455097
0.273837
0.159732
0.085263
0.185039
2.141717
1.287905
0.002448
1.178937
0.000000
0.000000
0.000000
0.904544
0.000000
0.000000
0.000000
0.000000
0.032533
0.119757
0.138576
0.350846
0.000000
0.000000
0.061867
0.415675
0.030513
0.444024
0.000000
0.000000
0.139667
1.734079
0.000000
0.000000
0.187965
0.000000
0.000000
0.174980
0.000000
0.769001
0.276407
0.337335
0.000000
0.724781
0.000000
0.834777
0.147055
0.002525
1.880634
0.001926
0.008840
1.379156
1.293326
0.434809
0.395336
0.000000
0.128825
0.657578
4.184229
0.000000
3.085685
4.326894
0.564679
0.273073
1.119459
0.011705
0.416520
1.600474
0.000000
0.956211
0.000000
0.000000
0.017973
3.940820
0.323025
0.042595
0.058633
0.024515
0.267372
0.000000
0.184463
0.678164
0.271527
0.104004
0.000000
0.024841
0.006938
0.010759
2.020327
1.584552
3.921114
1.677099
1.374312
0.006019
2.011203
2.713229
0.137659
1.519759
0.000000
0.000000
0.000000
0.132476
0.597113
0.860362
1.197677
1.686354
0.000000
0.342735
0.021061
0.068365
0.594459
0.837507
0.020220
0.045051
0.002403
0.019662
0.001274
3.151709
1.243218
2.233832
0.140209
0.000000
0.105385
0.000000
2.774082
0.819286
0.000000
0.004007
3.580939
2.444721
0.333946
2.780192
0.097683
1.163787
0.278183
0.019233
0.000000
0.000000
0.000000
0.064665
0.111216
0.662809
1.036719
0.000000
0.010336
1.903472
0.000000
2.201362
1.277434
0.024116
0.000000
0.965048
0.000302
0.012746
0.487413
1.356973
3.296094
4.174397
0.001473
1.026704
0.544858
0.007612
0.000693
0.000000
1.516816
0.726107
0.010358
3.245642
0.380256
0.554294
1.767531
0.000000
0.189669
0.705752
0.201721
0.000000
1.564940
0.000000
0.379721
0.315338
0.774948
0.044722
1.816779
0.001603
0.000000
1.073269
0.000000
0.424905
2.258724
0.000000
0.013422
0.151755
0.037260
1.050504
0.108289
0.002392
0.000000
0.031151
0.708628
0.449748
0.000000
0.000000
0.000000
2.605205
0.491096
1.356348
0.541501
0.375490
0.000000
0.354892
1.365246
0.279985
0.495765
0.062790
1.337735
0.193843
0.597792
0.000000
0.006073
0.000000
0.158701
0.890091
0.000000
0.750539
0.942887
0.002654
0.000000
0.164900
0.403661
1.327514
0.123671
0.803029
0.000000
1.520056
0.000000
1.132662
0.626322
0.219518
0.781939
0.760398
0.568080
0.000000
0.000000
1.026711
1.806237
0.295476
0.000000
1.522193
1.801277
2.312597
0.318837
0.941507
0.000000
0.068753
0.004962
0.239299
0.007643
0.656668
0.000000
0.004052
0.917113
0.000000
1.834877
0.000000
0.292764
1.911620
0.185382
0.000000
0.029697
0.000000
2.545922
0.112166
0.796491
0.247241
0.125449
0.788969
0.000000
0.643148
0.009730
0.298065
2.751580
2.032901
0.625915
0.098413
0.161572
2.576646
0.022360
0.491704
0.000000
0.116150
0.356342
0.114028
1.176113
1.828315
1.114349
0.000000
0.213617
0.629321
0.000000
1.076180
0.547608
1.975846
0.105064
0.017301
0.587423
1.326648
2.663885
0.000000
0.284165
0.110315
0.000000
1.160005
0.192597
0.535733
2.024762
0.000000
0.389581
0.000000
0.027970
2.305885
0.887927
1.294466
0.000000
0.039604
0.000000
1.107992
0.000000
0.000000
0.221004
0.028164
0.581169
2.253297
0.013078
0.350812
0.001440
0.010069
2.169412
1.486852
0.597594
3.681955
0.004359
1.802463
0.000000
2.047344
0.198140
2.527638
0.007060
1.020798
0.470845
0.000000
0.063015
2.470078
0.000000
1.633388
1.641681
1.277958
0.000000
0.839213
0.000000
0.000000
1.232800
0.000000
0.000000
0.257883
0.996992
0.705995
0.474180
0.500163
0.082159
0.051011
1.836801
0.863842
0.130811
0.157249
0.158834
0.034384
0.161691
0.000465
0.934528
0.449399
2.142610
0.303557
0.986375
0.058766
0.079102
0.466571
0.000000
1.352836
0.148847
0.418192
0.004967
0.214416
0.000000
0.016318
0.000000
0.955942
1.353708
0.511443
0.739414
1.024263
0.029665
0.462216
0.000000
0.150189
1.678531
0.074904
0.100988
1.306191
0.000000
0.000000
0.760562
0.958010
0.008876
2.787306
0.021488
0.000000
0.000000
0.000000
0.001571
0.000387
0.579062
0.001617
0.002082
1.363885
1.055242
1.725789
0.000000
0.000000
4.139462
0.660450
1.190571
0.325650
1.685755
0.000000
0.018820
1.865839
0.000902
0.565847
1.792808
0.000000
0.124969
0.000000
0.000000
1.342758
0.000000
1.321376
0.951297
0.508568
0.000000
0.233668
0.835812
0.000612
0.236476
0.063534
3.697554
0.000000
1.005169
2.378904
0.737843
0.001731
0.000000
1.463017
2.402255
0.563941
0.041260
0.300373
0.978552
0.000000
0.000000
0.000000
0.330479
0.000000
0.004945
0.681079
3.570985
0.732442
0.393201
1.626306
0.000000
0.494464
0.232494
3.315600
2.989172
0.000000
0.521473
0.028947
0.099028
0.117186
0.012653
1.406722
0.416449
0.446290
0.627062
0.125857
0.407176
1.801707
0.100891
0.036142
0.189867
0.000000
0.005698
0.000000
0.132452
0.938635
0.000000
0.000000
0.000000
0.288087
1.059903
3.752875
0.000000
0.000000
0.972933
0.000000
1.045530
0.220213
2.890932
1.803147
1.818370
0.025556
0.036383
0.135650
0.000000
0.000000
0.602693
0.716671
1.688915
0.080953
0.025184
0.000000
0.307751
2.498091
0.006566
1.372315
1.333534
0.963659
0.127064
1.564347
1.413496
0.000000
0.926715
0.000000
0.045154
0.000000
0.645776
0.697082
0.000000
0.227111
0.000000
0.000000
1.830737
3.400006
0.737844
0.000000
0.525125
0.000000
0.000000
0.039012
0.000000
0.490846
0.000000
0.000000
0.378002
0.000000
0.007445
0.561033
0.000000
0.129552
0.241781
0.000000
0.738451
1.334349
0.000000
0.000000
0.000000
0.000000
2.100020
0.000000
2.081776
0.000000
2.574941
0.000000
0.063305
0.241210
1.802375
0.000000
0.000000
0.000000
0.424219
0.000000
0.000000
0.318259
0.000000
0.000000
1.208264
0.788056
0.000000
0.000000
0.499257
0.031108
0.129265
0.000000
1.299730
1.727252
0.000000
1.313988
0.000000
0.000000
0.291567
0.354108
0.000000
1.916309
0.000000
0.029465
0.000000
1.989336
0.590273
1.333450
0.145172
0.000000
0.262665
0.000000
0.812679
0.375769
0.991695
0.000000
0.000000
0.000000
0.000000
0.000000
0.845652
0.000000
1.080699
0.460606
2.079066
0.075587
0.010289
0.000000
0.000000
0.533774
0.000000
0.000000
0.000283
0.365970
7.221527
0.000000
0.000000
0.000000
1.228232
0.155027
0.020511
0.023498
1.627917
0.000000
0.000000
0.001101
1.361038
0.162537
0.812788
0.392727
0.000000
0.000000
0.000000
0.000000
0.000000
0.000000
3.728131
0.914366
0.069586
0.295383
0.000000
0.008748
0.000000
0.000000
0.000000
0.381217
0.000000
0.288409
0.892704
3.765673
0.531222
0.000000
0.000000
0.269561
0.000000
0.004483
0.000000
0.000000
0.000000
0.000000
0.000000
0.000000
0.000000
0.000000
0.000000
0.000257
0.000000
0.000000
0.743335
0.000000
0.100302
2.379269
0.000000
0.000000
0.390537
0.010601
1.565457
0.000000
0.887136
0.000000
0.000000
0.000000
0.059075
0.655150
1.309454
0.089031
0.110821
0.000000
0.000000
0.210916
0.003453
0.092863
0.439230
0.012424
0.000000
0.000000
0.034028
0.004177
0.000000
0.000000
0.262728
0.141319
0.000000
0.000000
0.120042
0.000000
0.000000
0.000000
0.297434
0.000000
0.000000
1.004773
0.000000
0.240198
0.000000
0.000000
0.000000
3.514807
0.000000
0.345348
0.062960
0.000000
0.848644
0.000000
0.000000
0.000000
0.000000
0.230129
0.158069
0.000000
0.569028
0.532893
0.000000
0.416785
0.000000
0.000000
0.055809
0.172213
0.000000
0.000000
0.000000
0.000000
0.034523
0.000000
0.000000
0.096327
0.142124
0.082207
0.563481
0.000000
0.000000
0.030524
0.000000
0.057460
0.000000
0.016709
1.878406
0.012198
0.000000
0.004586
0.002436
0.136316
0.000000
0.091744
1.843968
0.575915
0.000000
0.100359
0.398567
0.009501
0.242184
0.000000
0.000000
0.000000
0.000000
0.000000
0.640765
1.391411
0.045524
0.046021
0.000000
0.038244
1.901776
0.182365
0.335380
1.224692
0.039481
0.221190
0.806236
0.000000
0.000000
0.000000
0.000000
0.000000
0.000000
0.000000
0.000000
2.099056
0.179346
0.000000
0.000000
0.099724
0.000000
0.000000
0.327770
0.597387
0.000000
0.104412
0.399149
0.807815
0.000000
0.000000
0.000000
0.169641
0.892210
0.426128
0.000000
0.404408
0.000000
0.043295
0.867314
0.000000
0.039275
0.867591
0.000000
0.000000
0.000000
0.000000
0.000000
0.000000
0.000000
0.000000
0.023490
0.000000
0.619280
0.496140
0.000000
0.875181
0.000000
0.227356
0.115290
0.015788
1.334371
0.090921
0.000000
0.031094
0.000000
0.000000
0.000000
0.035653
0.000000
0.522469
0.454906
0.613762
0.000000
0.007879
0.271076
0.000000
0.000000
0.000000
0.000000
0.000000
0.000000
0.000000
0.000000
0.000000
1.185233
0.000000
0.011029
0.000000
0.139714
0.165153
0.113805
0.509904
1.735829
0.000000
0.490959
0.555663
0.000000
0.134440
0.000000
0.000000
0.000000
0.478098
0.211723
0.000000
0.423322
0.787139
0.000000
0.214671
0.000000
0.000000
0.000000
0.078901
0.000000
0.000000
0.000000
0.000000
0.198233
1.215496
0.000000
0.000000
0.058726
0.115737
0.000000
1.884298
0.882100
0.000000
0.000000
1.926759
0.000000
0.012804
0.000000
0.042770
0.000000
0.010389
0.000000
0.143350
0.000000
0.000000
0.146948
0.221631
0.000000
0.000000
0.029127
0.052676
0.023332
0.431963
0.000000
0.000000
0.019028
2.938328
0.161123
0.000000
0.189601
0.027030
1.275447
0.042688
0.000000
0.002644
0.000000
0.087465
0.198857
0.000000
0.200124
0.000000
0.000000
0.000000
0.368043
0.156550
0.000000
0.200062
1.118154
0.000000
0.085822
0.000000
0.000000
0.000000
0.000308
2.007410
0.000000
0.000000
0.315008
0.537593
0.469404
0.000000
0.387258
0.000000
0.000000
0.000000
0.000000
0.000000
1.667800
0.000000
0.375407
0.250948
0.000000
0.000000
0.000000
0.896303
0.412328
0.265466
0.000000
0.000000
0.808368
0.000000
0.000000
0.016396
0.002343
1.108843
0.000000
1.392386
0.000000
0.129629
0.000000
0.455097
0.273837
0.159732
0.085263
0.185039
2.141717
1.287905
0.002448
1.178937
0.000000
0.000000
0.000000
0.904544
0.000000
0.000000
0.000000
0.000000
0.032533
0.119757
0.138576
0.350846
0.000000
0.000000
0.061867
0.415675
0.030513
0.444024
0.000000
0.000000
0.139667
1.734079
0.000000
0.000000
0.187965
0.000000
0.000000
0.174980
0.000000
0.769001
0.276407
0.337335
0.000000
0.724781
0.000000
0.834777
0.147055
0.002525
1.880634
0.001926
0.008840
1.379156
1.293326
0.434809
0.395336
0.000000
0.128825
0.657578
4.184229
0.000000
3.085685
4.326894
0.564679
0.273073
1.119459
0.011705
0.416520
1.600474
0.000000
0.956211
0.000000
0.000000
0.017973
3.940820
0.323025
0.042595
0.058633
0.024515
0.267372
0.000000
0.184463
0.678164
0.271527
0.104004
0.000000
0.024841
0.006938
0.010759
2.020327
1.584552
3.921114
1.677099
1.374312
0.006019
2.011203
2.713229
0.137659
1.519759
0.000000
0.000000
0.000000
0.132476
0.597113
0.860362
1.197677
1.686354
0.000000
0.342735
0.021061
0.068365
0.594459
0.837507
0.020220
0.045051
0.002403
0.019662
0.001274
3.151709
1.243218
2.233832
0.140209
0.000000
0.105385
0.000000
2.774082
0.819286
0.000000
0.004007
3.580939
2.444721
0.333946
2.780192
0.097683
1.163787
0.278183
0.019233
0.000000
0.000000
0.000000
0.064665
0.111216
0.662809
1.036719
0.000000
0.010336
1.903472
0.000000
2.201362
1.277434
0.024116
0.000000
0.965048
0.000302
0.012746
0.487413
1.356973
3.296094
4.174397
0.001473
1.026704
0.544858
0.007612
0.000693
0.000000
1.516816
0.726107
0.010358
3.245642
0.380256
0.554294
1.767531
0.000000
0.189669
0.705752
0.201721
0.000000
1.564940
0.000000
0.379721
0.315338
0.774948
0.044722
1.816779
0.001603
0.000000
1.073269
0.000000
0.424905
2.258724
0.000000
0.013422
0.151755
0.037260
1.050504
0.108289
0.002392
0.000000
0.031151
0.708628
0.449748
0.000000
0.000000
0.000000
2.605205
0.491096
1.356348
0.541501
0.375490
0.000000
0.354892
1.365246
0.279985
0.495765
0.062790
1.337735
0.193843
0.597792
0.000000
0.006073
0.000000
0.158701
0.890091
0.000000
0.750539
0.942887
0.002654
0.000000
0.164900
0.403661
1.327514
0.123671
0.803029
0.000000
1.520056
0.000000
1.132662
0.626322
0.219518
0.781939
0.760398
0.568080
0.000000
0.000000
1.026711
1.806237
0.295476
0.000000
1.522193
1.801277
2.312597
0.318837
0.941507
0.000000
0.068753
0.004962
0.239299
0.007643
0.656668
0.000000
0.004052
0.917113
0.000000
1.834877
0.000000
0.292764
1.911620
0.185382
0.000000
0.029697
0.000000
2.545922
0.112166
0.796491
0.247241
0.125449
0.788969
0.000000
0.643148
0.009730
0.298065
2.751580
2.032901
0.625915
0.098413
0.161572
2.576646
0.022360
0.491704
0.000000
0.116150
0.356342
0.114028
1.176113
1.828315
1.114349
0.000000
0.213617
0.629321
0.000000
1.076180
0.547608
1.975846
0.105064
0.017301
0.587423
1.326648
2.663885
0.000000
0.284165
0.110315
0.000000
1.160005
0.192597
0.535733
2.024762
0.000000
0.389581
0.000000
0.027970
2.305885
0.887927
1.294466
0.000000
0.039604
0.000000
1.107992
0.000000
0.000000
0.221004
0.028164
0.581169
2.253297
0.013078
0.350812
0.001440
0.010069
2.169412
1.486852
0.597594
3.681955
0.004359
1.802463
0.000000
2.047344
0.198140
2.527638
0.007060
1.020798
0.470845
0.000000
0.063015
2.470078
0.000000
1.633388
1.641681
1.277958
0.000000
0.839213
0.000000
0.000000
1.232800
0.000000
0.000000
0.257883
0.996992
0.705995
0.474180
0.500163
0.082159
0.051011
1.836801
0.863842
0.130811
0.157249
0.158834
0.034384
0.161691
0.000465
0.934528
0.449399
2.142610
0.303557
0.986375
0.058766
0.079102
0.466571
0.000000
1.352836
0.148847
0.418192
0.004967
0.214416
0.000000
0.016318
0.000000
0.955942
1.353708
0.511443
0.739414
1.024263
0.029665
0.462216
0.000000
0.150189
1.678531
0.074904
0.100988
1.306191
0.000000
0.000000
0.760562
0.958010
0.008876
2.787306
0.021488
0.000000
0.000000
0.000000
0.001571
0.000387
0.579062
0.001617
0.002082
1.363885
1.055242
1.725789
0.000000
0.000000
4.139462
0.660450
1.190571
0.325650
1.685755
0.000000
0.018820
1.865839
0.000902
0.565847
1.792808
0.000000
0.124969
0.000000
0.000000
1.342758
0.000000
1.321376
0.951297
0.508568
0.000000
0.233668
0.835812
0.000612
0.236476
0.063534
3.697554
0.000000
1.005169
2.378904
0.737843
0.001731
0.000000
1.463017
2.402255
0.563941
0.041260
0.300373
0.978552
0.000000
0.000000
0.000000
0.330479
0.000000
0.004945
0.681079
3.570985
0.732442
0.393201
1.626306
0.000000
0.494464
0.232494
3.315600
2.989172
0.000000
0.521473
0.028947
0.099028
0.117186
0.012653
1.406722
0.416449
0.446290
0.627062
0.125857
0.407176
1.801707
0.100891
0.036142
0.189867
0.000000
0.005698
0.000000
0.132452
0.938635
0.000000
0.000000
0.000000
0.288087
1.059903
3.752875
0.000000
0.000000
0.972933
0.000000
1.045530
0.220213
2.890932
1.803147
1.818370
0.025556
0.036383
0.135650
0.000000
0.000000
0.602693
0.716671
1.688915
0.080953
0.025184
0.000000
0.307751
2.498091
0.006566
1.372315
1.333534
0.963659
0.127064
1.564347
1.413496
0.000000
0.926715
0.000000
0.045154
0.000000
0.645776
0.697082
0.000000
0.227111
0.000000
0.000000
1.830737
3.400006
0.737844
0.000000
0.525125
0.000000
0.000000
0.039012
0.000000
0.490846
0.000000
0.000000
0.378002
0.000000
0.007445
0.561033
0.000000
0.129552
0.241781
0.000000
0.738451
1.334349
0.000000
0.000000
0.000000
0.000000
2.100020
0.000000
2.081776
0.000000
2.574941
0.000000
0.063305
0.241210
1.802375
0.000000
0.000000
0.000000
0.424219
0.000000
0.000000
0.318259
0.000000
0.000000
1.208264
0.788056
0.000000
0.000000
0.499257
0.031108
0.129265
0.000000
1.299730
1.727252
0.000000
1.313988
0.000000
0.000000
0.291567
0.354108
0.000000
1.916309
0.000000
0.029465
0.000000
1.989336
0.590273
1.333450
0.145172
0.000000
0.262665
0.000000
0.812679
0.375769
0.991695
0.000000
0.000000
0.000000
0.000000
0.000000
0.845652
0.000000
1.080699
0.460606
2.079066
0.075587
0.010289
0.000000
0.000000
0.533774
0.000000
0.000000
0.000283
0.365970
7.221527
0.000000
0.000000
0.000000
1.228232
0.155027
0.020511
0.023498
1.627917
0.000000
0.000000
0.001101
1.361038
0.162537
0.812788
0.392727
0.000000
0.000000
0.000000
0.000000
0.000000
0.000000
3.728131
0.914366
0.069586
0.295383
0.000000
0.008748
0.000000
0.000000
0.000000
0.381217
0.000000
0.288409
0.892704
3.765673
0.531222
0.000000
0.000000
0.269561
0.000000
0.004483
0.000000
0.000000
0.000000
0.000000
0.000000
0.000000
0.000000
0.000000
0.000000
0.000257
0.000000
0.000000
0.743335
0.000000
0.100302
2.379269
0.000000
0.000000
0.390537
0.010601
1.565457
0.000000
0.887136
0.000000
0.000000
0.000000
0.059075
0.655150
1.309454
0.089031
0.110821
0.000000
0.000000
0.210916
0.003453
0.092863
0.439230
0.012424
0.000000
0.000000
0.034028
0.004177
0.000000
0.000000
0.262728
0.141319
0.000000
0.000000
0.120042
0.000000
0.000000
0.000000
0.297434
0.000000
0.000000
1.004773
0.000000
0.240198
0.000000
0.000000
0.000000
3.514807
0.000000
0.345348
0.062960
0.000000
0.848644
0.000000
0.000000
0.000000
0.000000
0.230129
0.158069
0.000000
0.569028
0.532893
0.000000
0.416785
0.000000
0.000000
0.055809
0.172213
0.000000
0.000000
0.000000
0.000000
0.034523
0.000000
0.000000
0.096327
0.142124
0.082207
0.563481
0.000000
0.000000
0.030524
0.000000
0.057460
0.000000
0.016709
1.878406
0.012198
0.000000
0.004586
0.002436
0.136316
0.000000
0.091744
1.843968
0.575915
0.000000
0.100359
0.398567
0.009501
0.242184
0.000000
0.000000
0.000000
0.000000
0.000000
0.640765
1.391411
0.045524
0.046021
0.000000
0.038244
1.901776
0.182365
0.335380
1.224692
0.039481
0.221190
0.806236
0.000000
0.000000
0.000000
0.000000
0.000000
0.000000
0.000000
0.000000
2.099056
0.179346
0.000000
0.000000
0.099724
0.000000
0.000000
0.327770
0.597387
0.000000
0.104412
0.399149
0.807815
0.000000
0.000000
0.000000
0.169641
0.892210
0.426128
0.000000
0.404408
0.000000
0.043295
0.867314
0.000000
0.039275
0.867591
0.000000
0.000000
0.000000
0.000000
0.000000
0.000000
0.000000
0.000000
0.023490
0.000000
0.619280
0.496140
0.000000
0.875181
0.000000
0.227356
0.115290
0.015788
1.334371
0.090921
0.000000
0.031094
0.000000
0.000000
0.000000
0.035653
0.000000
0.522469
0.454906
0.613762
0.000000
0.007879
0.271076
0.000000
0.000000
0.000000
0.000000
0.000000
0.000000
0.000000
0.000000
0.000000
1.185233
0.000000
0.011029
0.000000
0.139714
0.165153
0.113805
0.509904
1.735829
0.000000
0.490959
0.555663
0.000000
0.134440
0.000000
0.000000
0.000000
0.478098
0.211723
0.000000
0.423322
0.787139
0.000000
0.214671
0.000000
0.000000
0.000000
0.078901
0.000000
0.000000
0.000000
0.000000
0.198233
1.215496
0.000000
0.000000
0.058726
0.115737
0.000000
1.884298
0.882100
0.000000
0.000000
1.926759
0.000000
0.012804
0.000000
0.042770
0.000000
0.010389
0.000000
0.143350
0.000000
0.000000
0.146948
0.221631
0.000000
0.000000
0.029127
0.052676
0.023332
0.431963
0.000000
0.000000
0.019028
2.938328
0.161123
0.000000
0.189601
0.027030
1.275447
0.042688
0.000000
0.002644
0.000000
0.087465
0.198857
0.000000
0.200124
0.000000
0.000000
0.000000
0.368043
0.156550
0.000000
0.200062
1.118154
0.000000
0.085822
0.000000
0.000000
0.000000
0.000308
2.007410
0.000000
0.000000
0.315008
0.537593
0.469404
0.000000
0.387258
0.000000
0.000000
0.000000
0.000000
0.000000
1.667800
0.000000
0.375407
0.250948
0.000000
0.000000
0.000000
0.896303
0.412328
0.265466
0.000000
0.000000
0.808368
0.000000
0.000000
0.016396
0.002343
1.108843
0.000000
1.392386
0.000000
0.129629
0.000000
0.455097
0.273837
0.159732
0.085263
0.185039
2.141717
1.287905
0.002448
1.178937
0.000000
0.000000
0.000000
0.904544
0.000000
0.000000
0.000000
0.000000
0.032533
0.119757
0.138576
0.350846
0.000000
0.000000
0.061867
0.415675
0.030513
0.444024
0.000000
0.000000
0.139667
1.734079
0.000000
0.000000
0.187965
0.000000
0.000000
0.174980
0.000000
0.769001
0.276407
0.337335
0.000000
0.724781
0.000000
0.834777
0.147055
0.002525
1.880634
0.001926
0.008840
1.379156
1.293326
0.434809
0.395336
0.000000
0.128825
0.657578
4.184229
0.000000
3.085685
4.326894
0.564679
0.273073
1.119459
0.011705
0.416520
1.600474
0.000000
0.956211
0.000000
0.000000
0.017973
3.940820
0.323025
0.042595
0.058633
0.024515
0.267372
0.000000
0.184463
0.678164
0.271527
0.104004
0.000000
0.024841
0.006938
0.010759
2.020327
1.584552
3.921114
1.677099
1.374312
0.006019
2.011203
2.713229
0.137659
1.519759
0.000000
0.000000
0.000000
0.132476
0.597113
0.860362
1.197677
1.686354
0.000000
0.342735
0.021061
0.068365
0.594459
0.837507
0.020220
0.045051
0.002403
0.019662
0.001274
3.151709
1.243218
2.233832
0.140209
0.000000
0.105385
0.000000
2.774082
0.819286
0.000000
0.004007
3.580939
2.444721
0.333946
2.780192
0.097683
1.163787
0.278183
0.019233
0.000000
0.000000
0.000000
0.064665
0.111216
0.662809
1.036719
0.000000
0.010336
1.903472
0.000000
2.201362
1.277434
0.024116
0.000000
0.965048
0.000302
0.012746
0.487413
1.356973
3.296094
4.174397
0.001473
1.026704
0.544858
0.007612
0.000693
0.000000
1.516816
0.726107
0.010358
3.245642
0.380256
0.554294
1.767531
0.000000
0.189669
0.705752
0.201721
0.000000
1.564940
0.000000
0.379721
0.315338
0.774948
0.044722
1.816779
0.001603
0.000000
1.073269
0.000000
0.424905
2.258724
0.000000
0.013422
0.151755
0.037260
1.050504
0.108289
0.002392
0.000000
0.031151
0.708628
0.449748
0.000000
0.000000
0.000000
2.605205
0.491096
1.356348
0.541501
0.375490
0.000000
0.354892
1.365246
0.279985
0.495765
0.062790
1.337735
0.193843
0.597792
0.000000
0.006073
0.000000
0.158701
0.890091
0.000000
0.750539
0.942887
0.002654
0.000000
0.164900
0.403661
1.327514
0.123671
0.803029
0.000000
1.520056
0.000000
1.132662
0.626322
0.219518
0.781939
0.760398
0.568080
0.000000
0.000000
1.026711
1.806237
0.295476
0.000000
1.522193
1.801277
2.312597
0.318837
0.941507
0.000000
0.068753
0.004962
0.239299
0.007643
0.656668
0.000000
0.004052
0.917113
0.000000
1.834877
0.000000
0.292764
1.911620
0.185382
0.000000
0.029697
0.000000
2.545922
0.112166
0.796491
0.247241
0.125449
0.788969
0.000000
0.643148
0.009730
0.298065
2.751580
2.032901
0.625915
0.098413
0.161572
2.576646
0.022360
0.491704
0.000000
0.116150
0.356342
0.114028
1.176113
1.828315
1.114349
0.000000
0.213617
0.629321
0.000000
1.076180
0.547608
1.975846
0.105064
0.017301
0.587423
1.326648
2.663885
0.000000
0.284165
0.110315
0.000000
1.160005
0.192597
0.535733
2.024762
0.000000
0.389581
0.000000
0.027970
2.305885
0.887927
1.294466
0.000000
0.039604
0.000000
1.107992
0.000000
0.000000
0.221004
0.028164
0.581169
2.253297
0.013078
0.350812
0.001440
0.010069
2.169412
1.486852
0.597594
3.681955
0.004359
1.802463
0.000000
2.047344
0.198140
2.527638
0.007060
1.020798
0.470845
0.000000
0.063015
2.470078
0.000000
1.633388
1.641681
1.277958
0.000000
0.839213
0.000000
0.000000
1.232800
0.000000
0.000000
0.257883
0.996992
0.705995
0.474180
0.500163
0.082159
0.051011
1.836801
0.863842
0.130811
0.157249
0.158834
0.034384
0.161691
0.000465
0.934528
0.449399
2.142610
0.303557
0.986375
0.058766
0.079102
0.466571
0.000000
1.352836
0.148847
0.418192
0.004967
0.214416
0.000000
0.016318
0.000000
0.955942
1.353708
0.511443
0.739414
1.024263
0.029665
0.462216
0.000000
0.150189
1.678531
0.074904
0.100988
1.306191
0.000000
0.000000
0.760562
0.958010
0.008876
2.787306
0.021488
0.000000
0.000000
0.000000
0.001571
0.000387
0.579062
0.001617
0.002082
1.363885
1.055242
1.725789
0.000000
0.000000
4.139462
0.660450
1.190571
0.325650
1.685755
0.000000
0.018820
1.865839
0.000902
0.565847
1.792808
0.000000
0.124969
0.000000
0.000000
1.342758
0.000000
1.321376
0.951297
0.508568
0.000000
0.233668
0.835812
0.000612
0.236476
0.063534
3.697554
0.000000
1.005169
2.378904
0.737843
0.001731
0.000000
1.463017
2.402255
0.563941
0.041260
0.300373
0.978552
0.000000
0.000000
0.000000
0.330479
0.000000
0.004945
0.681079
3.570985
0.732442
0.393201
1.626306
0.000000
0.494464
0.232494
3.315600
2.989172
0.000000
0.521473
0.028947
0.099028
0.117186
0.012653
1.406722
0.416449
0.446290
0.627062
0.125857
0.407176
1.801707
0.100891
0.036142
0.189867
0.000000
0.005698
0.000000
0.132452
0.938635
0.000000
0.000000
0.000000
0.288087
1.059903
3.752875
0.000000
0.000000
0.972933
0.000000
1.045530
0.220213
2.890932
1.803147
1.818370
0.025556
0.036383
0.135650
0.000000
0.000000
0.602693
0.716671
1.688915
0.080953
0.025184
0.000000
0.307751
2.498091
0.006566
1.372315
1.333534
0.963659
0.127064
1.564347
1.413496
0.000000
0.926715
0.000000
0.045154
0.000000
0.645776
0.697082
0.000000
0.227111
0.000000
0.000000
1.830737
3.400006
0.737844
0.000000
0.525125
0.000000
0.000000
0.039012
0.000000
0.490846
0.000000
0.000000
0.378002
0.000000
0.007445
0.561033
0.000000
0.129552
0.241781
0.000000
0.738451
1.334349
0.000000
0.000000
0.000000
0.000000
2.100020
0.000000
2.081776
0.000000
2.574941
0.000000
0.063305
0.241210
1.802375
0.000000
0.000000
0.000000
0.424219
0.000000
0.000000
0.318259
0.000000
0.000000
1.208264
0.788056
0.000000
0.000000
0.499257
0.031108
0.129265
0.000000
1.299730
1.727252
0.000000
1.313988
0.000000
0.000000
0.291567
0.354108
0.000000
1.916309
0.000000
0.029465
0.000000
1.989336
0.590273
1.333450
0.145172
0.000000
0.262665
0.000000
0.812679
0.375769
0.991695
0.000000
0.000000
0.000000
0.000000
0.000000
0.845652
0.000000
1.080699
0.460606
2.079066
0.075587
0.010289
0.000000
0.000000
0.533774
0.000000
0.000000
0.000283
0.365970
7.221527
0.000000
0.000000
0.000000
1.228232
0.155027
0.020511
0.023498
1.627917
0.000000
0.000000
0.001101
1.361038
0.162537
0.812788
0.392727
0.000000
0.000000
0.000000
0.000000
0.000000
0.000000
3.728131
0.914366
0.069586
0.295383
0.000000
0.008748
0.000000
0.000000
0.000000
0.381217
0.000000
0.288409
0.892704
3.765673
0.531222
0.000000
0.000000
0.269561
0.000000
0.004483
0.000000
0.000000
0.000000
0.000000
0.000000
0.000000
0.000000
0.000000
0.000000
0.000257
0.000000
0.000000
0.743335
0.000000
0.100302
2.379269
0.000000
0.000000
0.390537
0.010601
1.565457
0.000000
0.887136
0.000000
0.000000
0.000000
0.059075
0.655150
1.309454
0.089031
0.110821
0.000000
0.000000
0.210916
0.003453
0.092863
0.439230
0.012424
0.000000
0.000000
0.034028
0.004177
0.000000
0.000000
0.262728
0.141319
0.000000
0.000000
0.120042
0.000000
0.000000
0.000000
0.297434
0.000000
0.000000
1.004773
0.000000
0.240198
0.000000
0.000000
0.000000
3.514807
0.000000
0.345348
0.062960
0.000000
0.848644
0.000000
0.000000
0.000000
0.000000
0.230129
0.158069
0.000000
0.569028
0.532893
0.000000
0.416785
0.000000
0.000000
0.055809
0.172213
0.000000
0.000000
0.000000
0.000000
0.034523
0.000000
0.000000
0.096327
0.142124
0.082207
0.563481
0.000000
0.000000
0.030524
0.000000
0.057460
0.000000
0.016709
1.878406
0.012198
0.000000
0.004586
0.002436
0.136316
0.000000
0.091744
1.843968
0.575915
0.000000
0.100359
0.398567
0.009501
0.242184
0.000000
0.000000
0.000000
0.000000
0.000000
0.640765
1.391411
0.045524
0.046021
0.000000
0.038244
1.901776
0.182365
0.335380
1.224692
0.039481
0.221190
0.806236
0.000000
0.000000
0.000000
0.000000
0.000000
0.000000
0.000000
0.000000
2.099056
0.179346
0.000000
0.000000
0.099724
0.000000
0.000000
0.327770
0.597387
0.000000
0.104412
0.399149
0.807815
0.000000
0.000000
0.000000
0.169641
0.892210
0.426128
0.000000
0.404408
0.000000
0.043295
0.867314
0.000000
0.039275
0.867591
0.000000
0.000000
0.000000
0.000000
0.000000
0.000000
0.000000
0.000000
0.023490
0.000000
0.619280
0.496140
0.000000
0.875181
0.000000
0.227356
0.115290
0.015788
1.334371
0.090921
0.000000
0.031094
0.000000
0.000000
0.000000
0.035653
0.000000
0.522469
0.454906
0.613762
0.000000
0.007879
0.271076
0.000000
0.000000
0.000000
0.000000
0.000000
0.000000
0.000000
0.000000
0.000000
1.185233
0.000000
0.011029
0.000000
0.139714
0.165153
0.113805
0.509904
1.735829
0.000000
0.490959
0.555663
0.000000
0.134440
0.000000
0.000000
0.000000
0.478098
0.211723
0.000000
0.423322
0.787139
0.000000
0.214671
0.000000
0.000000
0.000000
0.078901
0.000000
0.000000
0.000000
0.000000
0.198233
1.215496
0.000000
0.000000
0.058726
0.115737
0.000000
1.884298
0.882100
0.000000
0.000000
1.926759
0.000000
0.012804
0.000000
0.042770
0.000000
0.010389
0.000000
0.143350
0.000000
0.000000
0.146948
0.221631
0.000000
0.000000
0.029127
0.052676
0.023332
0.431963
0.000000
0.000000
0.019028
2.938328
0.161123
0.000000
0.189601
0.027030
1.275447
0.042688
0.000000
0.002644
0.000000
0.087465
0.198857
0.000000
0.200124
0.000000
0.000000
0.000000
0.368043
0.156550
0.000000
0.200062
1.118154
0.000000
0.085822
0.000000
0.000000
0.000000
0.000308
2.007410
0.000000
0.000000
0.315008
0.537593
0.469404
0.000000
0.387258
0.000000
0.000000
0.000000
0.000000
0.000000
1.667800
0.000000
0.375407
0.250948
0.000000
0.000000
0.000000
0.896303
0.412328
0.265466
0.000000
0.000000
0.808368
0.000000
0.000000
0.016396
0.002343
1.108843
0.000000
1.392386
0.000000
0.129629
0.000000
0.455097
0.273837
0.159732
0.085263
0.185039
2.141717
1.287905
0.002448
1.178937
0.000000
0.000000
0.000000
0.904544
0.000000
0.000000
0.000000
0.000000
0.032533
0.119757
0.138576
0.350846
0.000000
0.000000
0.061867
0.415675
0.030513
0.444024
0.000000
0.000000
0.139667
1.734079
0.000000
0.000000
0.187965
0.000000
0.000000
0.174980
0.000000
0.769001
0.276407
0.337335
0.000000
0.724781
0.000000
0.834777
0.147055
0.002525
1.880634
0.001926
0.008840
1.379156
1.293326
0.434809
0.395336
0.000000
0.128825
0.657578
4.184229
0.000000
3.085685
4.326894
0.564679
0.273073
1.119459
0.011705
0.416520
1.600474
0.000000
0.956211
0.000000
0.000000
0.017973
3.940820
0.323025
0.042595
0.058633
0.024515
0.267372
0.000000
0.184463
0.678164
0.271527
0.104004
0.000000
0.024841
0.006938
0.010759
2.020327
1.584552
3.921114
1.677099
1.374312
0.006019
2.011203
2.713229
0.137659
1.519759
0.000000
0.000000
0.000000
0.132476
0.597113
0.860362
1.197677
1.686354
0.000000
0.342735
0.021061
0.068365
0.594459
0.837507
0.020220
0.045051
0.002403
0.019662
0.001274
3.151709
1.243218
2.233832
0.140209
0.000000
0.105385
0.000000
2.774082
0.819286
0.000000
0.004007
3.580939
2.444721
0.333946
2.780192
0.097683
1.163787
0.278183
0.019233
0.000000
0.000000
0.000000
0.064665
0.111216
0.662809
1.036719
0.000000
0.010336
1.903472
0.000000
2.201362
1.277434
0.024116
0.000000
0.965048
0.000302
0.012746
0.487413
1.356973
3.296094
4.174397
0.001473
1.026704
0.544858
0.007612
0.000693
0.000000
1.516816
0.726107
0.010358
3.245642
0.380256
0.554294
1.767531
0.000000
0.189669
0.705752
0.201721
0.000000
1.564940
0.000000
0.379721
0.315338
0.774948
0.044722
1.816779
0.001603
0.000000
1.073269
0.000000
0.424905
2.258724
0.000000
0.013422
0.151755
0.037260
1.050504
0.108289
0.002392
0.000000
0.031151
0.708628
0.449748
0.000000
0.000000
0.000000
2.605205
0.491096
1.356348
0.541501
0.375490
0.000000
0.354892
1.365246
0.279985
0.495765
0.062790
1.337735
0.193843
0.597792
0.000000
0.006073
0.000000
0.158701
0.890091
0.000000
0.750539
0.942887
0.002654
0.000000
0.164900
0.403661
1.327514
0.123671
0.803029
0.000000
1.520056
0.000000
1.132662
0.626322
0.219518
0.781939
0.760398
0.568080
0.000000
0.000000
1.026711
1.806237
0.295476
0.000000
1.522193
1.801277
2.312597
0.318837
0.941507
0.000000
0.068753
0.004962
0.239299
0.007643
0.656668
0.000000
0.004052
0.917113
0.000000
1.834877
0.000000
0.292764
1.911620
0.185382
0.000000
0.029697
0.000000
2.545922
0.112166
0.796491
0.247241
0.125449
0.788969
0.000000
0.643148
0.009730
0.298065
2.751580
2.032901
0.625915
0.098413
0.161572
2.576646
0.022360
0.491704
0.000000
0.116150
0.356342
0.114028
1.176113
1.828315
1.114349
0.000000
0.213617
0.629321
0.000000
1.076180
0.547608
1.975846
0.105064
0.017301
0.587423
1.326648
2.663885
0.000000
0.284165
0.110315
0.000000
1.160005
0.192597
0.535733
2.024762
0.000000
0.389581
0.000000
0.027970
2.305885
0.887927
1.294466
0.000000
0.039604
0.000000
1.107992
0.000000
0.000000
0.221004
0.028164
0.581169
2.253297
0.013078
0.350812
0.001440
0.010069
2.169412
1.486852
0.597594
3.681955
0.004359
1.802463
0.000000
2.047344
0.198140
2.527638
0.007060
1.020798
0.470845
0.000000
0.063015
2.470078
0.000000
1.633388
1.641681
1.277958
0.000000
0.839213
0.000000
0.000000
1.232800
0.000000
0.000000
0.257883
0.996992
0.705995
0.474180
0.500163
0.082159
0.051011
1.836801
0.863842
0.130811
0.157249
0.158834
0.034384
0.161691
0.000465
0.934528
0.449399
2.142610
0.303557
0.986375
0.058766
0.079102
0.466571
0.000000
1.352836
0.148847
0.418192
0.004967
0.214416
0.000000
0.016318
0.000000
0.955942
1.353708
0.511443
0.739414
1.024263
0.029665
0.462216
0.000000
0.150189
1.678531
0.074904
0.100988
1.306191
0.000000
0.000000
0.760562
0.958010
0.008876
2.787306
0.021488
0.000000
0.000000
0.000000
0.001571
0.000387
0.579062
0.001617
0.002082
1.363885
1.055242
1.725789
0.000000
0.000000
4.139462
0.660450
1.190571
0.325650
1.685755
0.000000
0.018820
1.865839
0.000902
0.565847
1.792808
0.000000
0.124969
0.000000
0.000000
1.342758
0.000000
1.321376
0.951297
0.508568
0.000000
0.233668
0.835812
0.000612
0.236476
0.063534
3.697554
0.000000
1.005169
2.378904
0.737843
0.001731
0.000000
1.463017
2.402255
0.563941
0.041260
0.300373
0.978552
0.000000
0.000000
0.000000
0.330479
0.000000
0.004945
0.681079
3.570985
0.732442
0.393201
1.626306
0.000000
0.494464
0.232494
3.315600
2.989172
0.000000
0.521473
0.028947
0.099028
0.117186
0.012653
1.406722
0.416449
0.446290
0.627062
0.125857
0.407176
1.801707
0.100891
0.036142
0.189867
0.000000
0.005698
0.000000
0.132452
0.938635
0.000000
0.000000
0.000000
0.288087
1.059903
3.752875
0.000000
0.000000
0.972933
0.000000
1.045530
0.220213
2.890932
1.803147
1.818370
0.025556
0.036383
0.135650
0.000000
0.000000
0.602693
0.716671
1.688915
0.080953
0.025184
0.000000
0.307751
2.498091
0.006566
1.372315
1.333534
0.963659
0.127064
1.564347
1.413496
0.000000
0.926715
0.000000
0.045154
0.000000
0.645776
0.697082
0.000000
0.227111
0.000000
0.000000
1.830737
3.400006
0.737844
0.000000
0.525125
0.000000
0.000000
0.039012
0.000000
0.490846
0.000000
0.000000
0.378002
0.000000
0.007445
0.561033
0.000000
0.129552
0.241781
0.000000
0.738451
1.334349
0.000000
0.000000
0.000000
0.000000
2.100020
0.000000
2.081776
0.000000
2.574941
0.000000
0.063305
0.241210
1.802375
0.000000
0.000000
0.000000
0.424219
0.000000
0.000000
0.318259
0.000000
0.000000
1.208264
0.788056
0.000000
0.000000
0.499257
0.031108
0.129265
0.000000
1.299730
1.727252
0.000000
1.313988
0.000000
0.000000
0.291567
0.354108
0.000000
1.916309
0.000000
0.029465
0.000000
1.989336
0.590273
1.333450
0.145172
0.000000
0.262665
0.000000
0.812679
0.375769
0.991695
0.000000
0.000000
0.000000
0.000000
0.000000
0.845652
0.000000
1.080699
0.460606
2.079066
0.075587
0.010289
0.000000
0.000000
0.533774
0.000000
0.000000
0.000283
0.365970
7.221527
0.000000
0.000000
0.000000
1.228232
0.155027
0.020511
0.023498
1.627917
0.000000
0.000000
0.001101
1.361038
0.162537
0.812788
0.392727
0.000000
0.000000
0.000000
0.000000
0.000000
0.000000
3.728131
0.914366
0.069586
0.295383
0.000000
0.008748
0.000000
0.000000
0.000000
0.381217
0.000000
0.288409
0.892704
3.765673
0.531222
0.000000
0.000000
0.269561
0.000000
0.004483
0.000000
0.000000
0.000000
0.000000
0.000000
0.000000
0.000000
0.000000
0.000000
0.000257
0.000000
0.000000
0.743335
0.000000
0.100302
2.379269
0.000000
0.000000
0.390537
0.010601
1.565457
0.000000
0.887136
0.000000
0.000000
0.000000
0.059075
0.655150
1.309454
0.089031
0.110821
0.000000
0.000000
0.210916
0.003453
0.092863
0.439230
0.012424
0.000000
0.000000
0.034028
0.004177
0.000000
0.000000
0.262728
0.141319
0.000000
0.000000
0.120042
0.000000
0.000000
0.000000
0.297434
0.000000
0.000000
1.004773
0.000000
0.240198
0.000000
0.000000
0.000000
3.514807
0.000000
0.345348
0.062960
0.000000
0.848644
0.000000
0.000000
0.000000
0.000000
0.230129
0.158069
0.000000
0.569028
0.532893
0.000000
0.416785
0.000000
0.000000
0.055809
0.172213
0.000000
0.000000
0.000000
0.000000
0.034523
0.000000
0.000000
0.096327
0.142124
0.082207
0.563481
0.000000
0.000000
0.030524
0.000000
0.057460
0.000000
0.016709
1.878406
0.012198
0.000000
0.004586
0.002436
0.136316
0.000000
0.091744
1.843968
0.575915
0.000000
0.100359
0.398567
0.009501
0.242184
0.000000
0.000000
0.000000
0.000000
0.000000
0.640765
1.391411
0.045524
0.046021
0.000000
0.038244
1.901776
0.182365
0.335380
1.224692
0.039481
0.221190
0.806236
0.000000
0.000000
0.000000
0.000000
0.000000
0.000000
0.000000
0.000000
2.099056
0.179346
0.000000
0.000000
0.099724
0.000000
0.000000
0.327770
0.597387
0.000000
0.104412
0.399149
0.807815
0.000000
0.000000
0.000000
0.169641
0.892210
0.426128
0.000000
0.404408
0.000000
0.043295
0.867314
0.000000
0.039275
0.867591
0.000000
0.000000
0.000000
0.000000
0.000000
0.000000
0.000000
0.000000
0.023490
0.000000
0.619280
0.496140
0.000000
0.875181
0.000000
0.227356
0.115290
0.015788
1.334371
0.090921
0.000000
0.031094
0.000000
0.000000
0.000000
0.035653
0.000000
0.522469
0.454906
0.613762
0.000000
0.007879
0.271076
0.000000
0.000000
0.000000
0.000000
0.000000
0.000000
0.000000
0.000000
0.000000
1.185233
0.000000
0.011029
0.000000
0.139714
0.165153
0.113805
0.509904
1.735829
0.000000
0.490959
0.555663
0.000000
0.134440
0.000000
0.000000
0.000000
0.478098
0.211723
0.000000
0.423322
0.787139
0.000000
0.214671
0.000000
0.000000
0.000000
0.078901
0.000000
0.000000
0.000000
0.000000
0.198233
1.215496
0.000000
0.000000
0.058726
0.115737
0.000000
1.884298
0.882100
0.000000
0.000000
1.926759
0.000000
0.012804
0.000000
0.042770
0.000000
0.010389
0.000000
0.143350
0.000000
0.000000
0.146948
0.221631
0.000000
0.000000
0.029127
0.052676
0.023332
0.431963
0.000000
0.000000
0.019028
2.938328
0.161123
0.000000
0.189601
0.027030
1.275447
0.042688
0.000000
0.002644
0.000000
0.087465
0.198857
0.000000
0.200124
0.000000
0.000000
0.000000
0.368043
0.156550
0.000000
0.200062
1.118154
0.000000
0.085822
0.000000
0.000000
0.000000
0.000308
2.007410
0.000000
0.000000
0.315008
0.537593
0.469404
0.000000
0.387258
0.000000
0.000000
0.000000
0.000000
0.000000
1.667800
0.000000
0.375407
0.250948
0.000000
0.000000
0.000000
0.896303
0.412328
0.265466
0.000000
0.000000
0.808368
0.000000
0.000000
0.016396
0.002343
1.108843
0.000000
1.392386
0.000000
0.129629
0.000000
0.455097
0.273837
0.159732
0.085263
0.185039
2.141717
1.287905
0.002448
1.178937
0.000000
0.000000
0.000000
0.904544
0.000000
0.000000
0.000000
0.000000
0.032533
0.119757
0.138576
0.350846
0.000000
0.000000
0.061867
0.415675
0.030513
0.444024
0.000000
0.000000
0.139667
1.734079
0.000000
0.000000
0.187965
0.000000
0.000000
0.174980
0.000000
0.769001
0.276407
0.337335
0.000000
0.724781
0.000000
0.834777
0.147055
0.002525
1.880634
0.001926
0.008840
1.379156
1.293326
0.434809
0.395336
0.000000
0.128825
0.657578
4.184229
0.000000
3.085685
4.326894
0.564679
0.273073
1.119459
0.011705
0.416520
1.600474
0.000000
0.956211
0.000000
0.000000
0.017973
3.940820
0.323025
0.042595
0.058633
0.024515
0.267372
0.000000
0.184463
0.678164
0.271527
0.104004
0.000000
0.024841
0.006938
0.010759
2.020327
1.584552
3.921114
1.677099
1.374312
0.006019
2.011203
2.713229
0.137659
1.519759
0.000000
0.000000
0.000000
0.132476
0.597113
0.860362
1.197677
1.686354
0.000000
0.342735
0.021061
0.068365
0.594459
0.837507
0.020220
0.045051
0.002403
0.019662
0.001274
3.151709
1.243218
2.233832
0.140209
0.000000
0.105385
0.000000
2.774082
0.819286
0.000000
0.004007
3.580939
2.444721
0.333946
2.780192
0.097683
1.163787
0.278183
0.019233
0.000000
0.000000
0.000000
0.064665
0.111216
0.662809
1.036719
0.000000
0.010336
1.903472
0.000000
2.201362
1.277434
0.024116
0.000000
0.965048
0.000302
0.012746
0.487413
1.356973
3.296094
4.174397
0.001473
1.026704
0.544858
0.007612
0.000693
0.000000
1.516816
0.726107
0.010358
3.245642
0.380256
0.554294
1.767531
0.000000
0.189669
0.705752
0.201721
0.000000
1.564940
0.000000
0.379721
0.315338
0.774948
0.044722
1.816779
0.001603
0.000000
1.073269
0.000000
0.424905
2.258724
0.000000
0.013422
0.151755
0.037260
1.050504
0.108289
0.002392
0.000000
0.031151
0.708628
0.449748
0.000000
0.000000
0.000000
2.605205
0.491096
1.356348
0.541501
0.375490
0.000000
0.354892
1.365246
0.279985
0.495765
0.062790
1.337735
0.193843
0.597792
0.000000
0.006073
0.000000
0.158701
0.890091
0.000000
0.750539
0.942887
0.002654
0.000000
0.164900
0.403661
1.327514
0.123671
0.803029
0.000000
1.520056
0.000000
1.132662
0.626322
0.219518
0.781939
0.760398
0.568080
0.000000
0.000000
1.026711
1.806237
0.295476
0.000000
1.522193
1.801277
2.312597
0.318837
0.941507
0.000000
0.068753
0.004962
0.239299
0.007643
0.656668
0.000000
0.004052
0.917113
0.000000
1.834877
0.000000
0.292764
1.911620
0.185382
0.000000
0.029697
0.000000
2.545922
0.112166
0.796491
0.247241
0.125449
0.788969
0.000000
0.643148
0.009730
0.298065
2.751580
2.032901
0.625915
0.098413
0.161572
2.576646
0.022360
0.491704
0.000000
0.116150
0.356342
0.114028
1.176113
1.828315
1.114349
0.000000
0.213617
0.629321
0.000000
1.076180
0.547608
1.975846
0.105064
0.017301
0.587423
1.326648
2.663885
0.000000
0.284165
0.110315
0.000000
1.160005
0.192597
0.535733
2.024762
0.000000
0.389581
0.000000
0.027970
2.305885
0.887927
1.294466
0.000000
0.039604
0.000000
1.107992
0.000000
0.000000
0.221004
0.028164
0.581169
2.253297
0.013078
0.350812
0.001440
0.010069
2.169412
1.486852
0.597594
3.681955
0.004359
1.802463
0.000000
2.047344
0.198140
2.527638
0.007060
1.020798
0.470845
0.000000
0.063015
2.470078
0.000000
1.633388
1.641681
1.277958
0.000000
0.839213
0.000000
0.000000
1.232800
0.000000
0.000000
0.257883
0.996992
0.705995
0.474180
0.500163
0.082159
0.051011
1.836801
0.863842
0.130811
0.157249
0.158834
0.034384
0.161691
0.000465
0.934528
0.449399
2.142610
0.303557
0.986375
0.058766
0.079102
0.466571
0.000000
1.352836
0.148847
0.418192
0.004967
0.214416
0.000000
0.016318
0.000000
0.955942
1.353708
0.511443
0.739414
1.024263
0.029665
0.462216
0.000000
0.150189
1.678531
0.074904
0.100988
1.306191
0.000000
0.000000
0.760562
0.958010
0.008876
2.787306
0.021488
0.000000
0.000000
0.000000
0.001571
0.000387
0.579062
0.001617
0.002082
1.363885
1.055242
1.725789
0.000000
0.000000
4.139462
0.660450
1.190571
0.325650
1.685755
0.000000
0.018820
1.865839
0.000902
0.565847
1.792808
0.000000
0.124969
0.000000
0.000000
1.342758
0.000000
1.321376
0.951297
0.508568
0.000000
0.233668
0.835812
0.000612
0.236476
0.063534
3.697554
0.000000
1.005169
2.378904
0.737843
0.001731
0.000000
1.463017
2.402255
0.563941
0.041260
0.300373
0.978552
0.000000
0.000000
0.000000
0.330479
0.000000
0.004945
0.681079
3.570985
0.732442
0.393201
1.626306
0.000000
0.494464
0.232494
3.315600
2.989172
0.000000
0.521473
0.028947
0.099028
0.117186
0.012653
1.406722
0.416449
0.446290
0.627062
0.125857
0.407176
1.801707
0.100891
0.036142
0.189867
0.000000
0.005698
0.000000
0.132452
0.938635
0.000000
0.000000
0.000000
0.288087
1.059903
3.752875
0.000000
0.000000
0.972933
0.000000
1.045530
0.220213
2.890932
1.803147
1.818370
0.025556
0.036383
0.135650
0.000000
0.000000
0.602693
0.716671
1.688915
0.080953
0.025184
0.000000
0.307751
2.498091
0.006566
1.372315
1.333534
0.963659
0.127064
1.564347
1.413496
0.000000
0.926715
0.000000
0.045154
0.000000
0.645776
0.697082
0.000000
0.227111
0.000000
0.000000
1.830737
3.400006
0.737844
0.000000
0.525125
0.000000
0.000000
0.039012
0.000000
0.490846
0.000000
0.000000
0.378002
0.000000
0.007445
0.561033
0.000000
0.129552
0.241781
0.000000
0.738451
1.334349
0.000000
0.000000
0.000000
0.000000
2.100020
0.000000
2.081776
0.000000
2.574941
0.000000
0.063305
0.241210
1.802375
0.000000
0.000000
0.000000
0.424219
0.000000
0.000000
0.318259
0.000000
0.000000
1.208264
0.788056
0.000000
0.000000
0.499257
0.031108
0.129265
0.000000
1.299730
1.727252
0.000000
1.313988
0.000000
0.000000
0.291567
0.354108
0.000000
1.916309
0.000000
0.029465
0.000000
1.989336
0.590273
1.333450
0.145172
0.000000
0.262665
0.000000
0.812679
0.375769
0.991695
0.000000
0.000000
0.000000
0.000000
0.000000
0.845652
0.000000
1.080699
0.460606
2.079066
0.075587
0.010289
0.000000
0.000000
0.533774
0.000000
0.000000
0.000283
0.365970
7.221527
0.000000
0.000000
0.000000
1.228232
0.155027
0.020511
0.023498
1.627917
0.000000
0.000000
0.001101
1.361038
0.162537
0.812788
0.392727
0.000000
0.000000
0.000000
0.000000
0.000000
0.000000
3.728131
0.914366
0.069586
0.295383
0.000000
0.008748
0.000000
0.000000
0.000000
0.381217
0.000000
0.288409
0.892704
3.765673
0.531222
0.000000
0.000000
0.269561
0.000000
0.004483
0.000000
0.000000
0.000000
0.000000
0.000000
0.000000
0.000000
0.000000
0.000000
0.000257
0.000000
0.000000
0.743335
0.000000
0.100302
2.379269
0.000000
0.000000
0.390537
0.010601
1.565457
0.000000
0.887136
0.000000
0.000000
0.000000
0.059075
0.655150
1.309454
0.089031
0.110821
0.000000
0.000000
0.210916
0.003453
0.092863
0.439230
0.012424
0.000000
0.000000
0.034028
0.004177
0.000000
0.000000
0.262728
0.141319
0.000000
0.000000
0.120042
0.000000
0.000000
0.000000
0.297434
0.000000
0.000000
1.004773
0.000000
0.240198
0.000000
0.000000
0.000000
3.514807
0.000000
0.345348
0.062960
0.000000
0.848644
0.000000
0.000000
0.000000
0.000000
0.230129
0.158069
0.000000
0.569028
0.532893
0.000000
0.416785
0.000000
0.000000
0.055809
0.172213
0.000000
0.000000
0.000000
0.000000
0.034523
0.000000
0.000000
0.096327
0.142124
0.082207
0.563481
0.000000
0.000000
0.030524
0.000000
0.057460
0.000000
0.016709
1.878406
0.012198
0.000000
0.004586
0.002436
0.136316
0.000000
0.091744
1.843968
0.575915
0.000000
0.100359
0.398567
0.009501
0.242184
0.000000
0.000000
0.000000
0.000000
0.000000
0.640765
1.391411
0.045524
0.046021
0.000000
0.038244
1.901776
0.182365
0.335380
1.224692
0.039481
0.221190
0.806236
0.000000
0.000000
0.000000
0.000000
0.000000
0.000000
0.000000
0.000000
2.099056
0.179346
0.000000
0.000000
0.099724
0.000000
0.000000
0.327770
0.597387
0.000000
0.104412
0.399149
0.807815
0.000000
0.000000
0.000000
0.169641
0.892210
0.426128
0.000000
0.404408
0.000000
0.043295
0.867314
0.000000
0.039275
0.867591
0.000000
0.000000
0.000000
0.000000
0.000000
0.000000
0.000000
0.000000
0.023490
0.000000
0.619280
0.496140
0.000000
0.875181
0.000000
0.227356
0.115290
0.015788
1.334371
0.090921
0.000000
0.031094
0.000000
0.000000
0.000000
0.035653
0.000000
0.522469
0.454906
0.613762
0.000000
0.007879
0.271076
0.000000
0.000000
0.000000
0.000000
0.000000
0.000000
0.000000
0.000000
0.000000
1.185233
0.000000
0.011029
0.000000
0.139714
0.165153
0.113805
0.509904
1.735829
0.000000
0.490959
0.555663
0.000000
0.134440
0.000000
0.000000
0.000000
0.478098
0.211723
0.000000
0.423322
0.787139
0.000000
0.214671
0.000000
0.000000
0.000000
0.078901
0.000000
0.000000
0.000000
0.000000
0.198233
1.215496
0.000000
0.000000
0.058726
0.115737
0.000000
1.884298
0.882100
0.000000
0.000000
1.926759
0.000000
0.012804
0.000000
0.042770
0.000000
0.010389
0.000000
0.143350
0.000000
0.000000
0.146948
0.221631
0.000000
0.000000
0.029127
0.052676
0.023332
0.431963
0.000000
0.000000
0.019028
2.938328
0.161123
0.000000
0.189601
0.027030
1.275447
0.042688
0.000000
0.002644
0.000000
0.087465
0.198857
0.000000
0.200124
0.000000
0.000000
0.000000
0.368043
0.156550
0.000000
0.200062
1.118154
0.000000
0.085822
0.000000
0.000000
0.000000
0.000308
2.007410
0.000000
0.000000
0.315008
0.537593
0.469404
0.000000
0.387258
0.000000
0.000000
0.000000
0.000000
0.000000
1.667800
0.000000
0.375407
0.250948
0.000000
0.000000
0.000000
0.896303
0.412328
0.265466
0.000000
0.000000
0.808368
0.000000
0.000000
0.016396
0.002343
1.108843
0.000000
1.392386
0.000000
0.129629
0.000000
0.455097
0.273837
0.159732
0.085263
0.185039
2.141717
1.287905
0.002448
1.178937
0.000000
0.000000
0.000000
0.904544
0.000000
0.000000
0.000000
0.000000
0.032533
0.119757
0.138576
0.350846
0.000000
0.000000
0.061867
0.415675
0.030513
0.444024
0.000000
0.000000
0.139667
1.734079
0.000000
0.000000
0.187965
0.000000
0.000000
0.174980
0.000000
0.769001
0.276407
0.337335
0.000000
0.724781
0.000000
0.834777
0.147055
0.002525
1.880634
0.001926
0.008840
1.379156
1.293326
0.434809
0.395336
0.000000
0.128825
0.657578
4.184229
0.000000
3.085685
4.326894
0.564679
0.273073
1.119459
0.011705
0.416520
1.600474
0.000000
0.956211
0.000000
0.000000
0.017973
3.940820
0.323025
0.042595
0.058633
0.024515
0.267372
0.000000
0.184463
0.678164
0.271527
0.104004
0.000000
0.024841
0.006938
0.010759
2.020327
1.584552
3.921114
1.677099
1.374312
0.006019
2.011203
2.713229
0.137659
1.519759
0.000000
0.000000
0.000000
0.132476
0.597113
0.860362
1.197677
1.686354
0.000000
0.342735
0.021061
0.068365
0.594459
0.837507
0.020220
0.045051
0.002403
0.019662
0.001274
3.151709
1.243218
2.233832
0.140209
0.000000
0.105385
0.000000
2.774082
0.819286
0.000000
0.004007
3.580939
2.444721
0.333946
2.780192
0.097683
1.163787
0.278183
0.019233
0.000000
0.000000
0.000000
0.064665
0.111216
0.662809
1.036719
0.000000
0.010336
1.903472
0.000000
2.201362
1.277434
0.024116
0.000000
0.965048
0.000302
0.012746
0.487413
1.356973
3.296094
4.174397
0.001473
1.026704
0.544858
0.007612
0.000693
0.000000
1.516816
0.726107
0.010358
3.245642
0.380256
0.554294
1.767531
0.000000
0.189669
0.705752
0.201721
0.000000
1.564940
0.000000
0.379721
0.315338
0.774948
0.044722
1.816779
0.001603
0.000000
1.073269
0.000000
0.424905
2.258724
0.000000
0.013422
0.151755
0.037260
1.050504
0.108289
0.002392
0.000000
0.031151
0.708628
0.449748
0.000000
0.000000
0.000000
2.605205
0.491096
1.356348
0.541501
0.375490
0.000000
0.354892
1.365246
0.279985
0.495765
0.062790
1.337735
0.193843
0.597792
0.000000
0.006073
0.000000
0.158701
0.890091
0.000000
0.750539
0.942887
0.002654
0.000000
0.164900
0.403661
1.327514
0.123671
0.803029
0.000000
1.520056
0.000000
1.132662
0.626322
0.219518
0.781939
0.760398
0.568080
0.000000
0.000000
1.026711
1.806237
0.295476
0.000000
1.522193
1.801277
2.312597
0.318837
0.941507
0.000000
0.068753
0.004962
0.239299
0.007643
0.656668
0.000000
0.004052
0.917113
0.000000
1.834877
0.000000
0.292764
1.911620
0.185382
0.000000
0.029697
0.000000
2.545922
0.112166
0.796491
0.247241
0.125449
0.788969
0.000000
0.643148
0.009730
0.298065
2.751580
2.032901
0.625915
0.098413
0.161572
2.576646
0.022360
0.491704
0.000000
0.116150
0.356342
0.114028
1.176113
1.828315
1.114349
0.000000
0.213617
0.629321
0.000000
1.076180
0.547608
1.975846
0.105064
0.017301
0.587423
1.326648
2.663885
0.000000
0.284165
0.110315
0.000000
1.160005
0.192597
0.535733
2.024762
0.000000
0.389581
0.000000
0.027970
2.305885
0.887927
1.294466
0.000000
0.039604
0.000000
1.107992
0.000000
0.000000
0.221004
0.028164
0.581169
2.253297
0.013078
0.350812
0.001440
0.010069
2.169412
1.486852
0.597594
3.681955
0.004359
1.802463
0.000000
2.047344
0.198140
2.527638
0.007060
1.020798
0.470845
0.000000
0.063015
2.470078
0.000000
1.633388
1.641681
1.277958
0.000000
0.839213
0.000000
0.000000
1.232800
0.000000
0.000000
0.257883
0.996992
0.705995
0.474180
0.500163
0.082159
0.051011
1.836801
0.863842
0.130811
0.157249
0.158834
0.034384
0.161691
0.000465
0.934528
0.449399
2.142610
0.303557
0.986375
0.058766
0.079102
0.466571
0.000000
1.352836
0.148847
0.418192
0.004967
0.214416
0.000000
0.016318
0.000000
0.955942
1.353708
0.511443
0.739414
1.024263
0.029665
0.462216
0.000000
0.150189
1.678531
0.074904
0.100988
1.306191
0.000000
0.000000
0.760562
0.958010
0.008876
2.787306
0.021488
0.000000
0.000000
0.000000
0.001571
0.000387
0.579062
0.001617
0.002082
1.363885
1.055242
1.725789
0.000000
0.000000
4.139462
0.660450
1.190571
0.325650
1.685755
0.000000
0.018820
1.865839
0.000902
0.565847
1.792808
0.000000
0.124969
0.000000
0.000000
1.342758
0.000000
1.321376
0.951297
0.508568
0.000000
0.233668
0.835812
0.000612
0.236476
0.063534
3.697554
0.000000
1.005169
2.378904
0.737843
0.001731
0.000000
1.463017
2.402255
0.563941
0.041260
0.300373
0.978552
0.000000
0.000000
0.000000
0.330479
0.000000
0.004945
0.681079
3.570985
0.732442
0.393201
1.626306
0.000000
0.494464
0.232494
3.315600
2.989172
0.000000
0.521473
0.028947
0.099028
0.117186
0.012653
1.406722
0.416449
0.446290
0.627062
0.125857
0.407176
1.801707
0.100891
0.036142
0.189867
0.000000
0.005698
0.000000
0.132452
0.938635
0.000000
0.000000
0.000000
0.288087
1.059903
3.752875
0.000000
0.000000
0.972933
0.000000
1.045530
0.220213
2.890932
1.803147
1.818370
0.025556
0.036383
0.135650
0.000000
0.000000
0.602693
0.716671
1.688915
0.080953
0.025184
0.000000
0.307751
2.498091
0.006566
1.372315
1.333534
0.963659
0.127064
1.564347
1.413496
0.000000
0.926715
0.000000
0.045154
0.000000
0.645776
0.697082
0.000000
0.227111
0.000000
0.000000
1.830737
3.400006
0.737844
0.000000
0.525125
0.000000
0.000000
0.039012
0.000000
0.490846
0.000000
0.000000
0.378002
0.000000
0.007445
0.561033
0.000000
0.129552
0.241781
0.000000
0.738451
1.334349
0.000000
0.000000
0.000000
0.000000
2.100020
0.000000
2.081776
0.000000
2.574941
0.000000
0.063305
0.241210
1.802375
0.000000
0.000000
0.000000
0.424219
0.000000
0.000000
0.318259
0.000000
0.000000
1.208264
0.788056
0.000000
0.000000
0.499257
0.031108
0.129265
0.000000
1.299730
1.727252
0.000000
1.313988
0.000000
0.000000
0.291567
0.354108
0.000000
1.916309
0.000000
0.029465
0.000000
1.989336
0.590273
1.333450
0.145172
0.000000
0.262665
0.000000
0.812679
0.375769
0.991695
0.000000
0.000000
0.000000
0.000000
0.000000
0.845652
0.000000
1.080699
0.460606
2.079066
0.075587
0.010289
0.000000
0.000000
0.533774
0.000000
0.000000
0.000283
0.365970
7.221527
0.000000
0.000000
0.000000
1.228232
0.155027
0.020511
0.023498
1.627917
0.000000
0.000000
0.001101
1.361038
0.162537
0.812788
0.392727
0.000000
0.000000
0.000000
0.000000
0.000000
0.000000
3.728131
0.914366
0.069586
0.295383
0.000000
0.008748
0.000000
0.000000
0.000000
0.381217
0.000000
0.288409
0.892704
3.765673
0.531222
0.000000
0.000000
0.269561
0.000000
0.004483
0.000000
0.000000
0.000000
0.000000
0.000000
0.000000
0.000000
0.000000
0.000000
0.000257
0.000000
0.000000
0.743335
0.000000
0.100302
2.379269
0.000000
0.000000
0.390537
0.010601
1.565457
0.000000
0.887136
0.000000
0.000000
0.000000
0.059075
0.655150
1.309454
0.089031
0.110821
0.000000
0.000000
0.210916
0.003453
0.092863
0.439230
0.012424
0.000000
0.000000
0.034028
0.004177
0.000000
0.000000
0.262728
0.141319
0.000000
0.000000
0.120042
0.000000
0.000000
0.000000
0.297434
0.000000
0.000000
1.004773
0.000000
0.240198
0.000000
0.000000
0.000000
3.514807
0.000000
0.345348
0.062960
0.000000
0.848644
0.000000
0.000000
0.000000
0.000000
0.230129
0.158069
0.000000
0.569028
0.532893
0.000000
0.416785
0.000000
0.000000
0.055809
0.172213
0.000000
0.000000
0.000000
0.000000
0.034523
0.000000
0.000000
0.096327
0.142124
0.082207
0.563481
0.000000
0.000000
0.030524
0.000000
0.057460
0.000000
0.016709
1.878406
0.012198
0.000000
0.004586
0.002436
0.136316
0.000000
0.091744
1.843968
0.575915
0.000000
0.100359
0.398567
0.009501
0.242184
0.000000
0.000000
0.000000
0.000000
0.000000
0.640765
1.391411
0.045524
0.046021
0.000000
0.038244
1.901776
0.182365
0.335380
1.224692
0.039481
0.221190
0.806236
0.000000
0.000000
0.000000
0.000000
0.000000
0.000000
0.000000
0.000000
2.099056
0.179346
0.000000
0.000000
0.099724
0.000000
0.000000
0.327770
0.597387
0.000000
0.104412
0.399149
0.807815
0.000000
0.000000
0.000000
0.169641
0.892210
0.426128
0.000000
0.404408
0.000000
0.043295
0.867314
0.000000
0.039275
0.867591
0.000000
0.000000
0.000000
0.000000
0.000000
0.000000
0.000000
0.000000
0.023490
0.000000
0.619280
0.496140
0.000000
0.875181
0.000000
0.227356
0.115290
0.015788
1.334371
0.090921
0.000000
0.031094
0.000000
0.000000
0.000000
0.035653
0.000000
0.522469
0.454906
0.613762
0.000000
0.007879
0.271076
0.000000
0.000000
0.000000
0.000000
0.000000
0.000000
0.000000
0.000000
0.000000
1.185233
0.000000
0.011029
0.000000
0.139714
0.165153
0.113805
0.509904
1.735829
0.000000
0.490959
0.555663
0.000000
0.134440
0.000000
0.000000
0.000000
0.478098
0.211723
0.000000
0.423322
0.787139
0.000000
0.214671
0.000000
0.000000
0.000000
0.078901
0.000000
0.000000
0.000000
0.000000
0.198233
1.215496
0.000000
0.000000
0.058726
0.115737
0.000000
1.884298
0.882100
0.000000
0.000000
1.926759
0.000000
0.012804
0.000000
0.042770
0.000000
0.010389
0.000000
0.143350
0.000000
0.000000
0.146948
0.221631
0.000000
0.000000
0.029127
0.052676
0.023332
0.431963
0.000000
0.000000
0.019028
2.938328
0.161123
0.000000
0.189601
0.027030
1.275447
0.042688
0.000000
0.002644
0.000000
0.087465
0.198857
0.000000
0.200124
0.000000
0.000000
0.000000
0.368043
0.156550
0.000000
0.200062
1.118154
0.000000
0.085822
0.000000
0.000000
0.000000
0.000308
2.007410
0.000000
0.000000
0.315008
0.537593
0.469404
0.000000
0.387258
0.000000
0.000000
0.000000
0.000000
0.000000
1.667800
0.000000
0.375407
0.250948
0.000000
0.000000
0.000000
0.896303
0.412328
0.265466
0.000000
0.000000
0.808368
0.000000
0.000000
0.016396
0.002343
1.108843
0.000000
1.392386
0.000000
0.129629
0.000000
0.455097
0.273837
0.159732
0.085263
0.185039
2.141717
1.287905
0.002448
1.178937
0.000000
0.000000
0.000000
0.904544
0.000000
0.000000
0.000000
0.000000
0.032533
0.119757
0.138576
0.350846
0.000000
0.000000
0.061867
0.415675
0.030513
0.444024
0.000000
0.000000
0.139667
1.734079
0.000000
0.000000
0.187965
0.000000
0.000000
0.174980
0.000000
0.769001
0.276407
0.337335
0.000000
0.724781
0.000000
0.834777
0.147055
0.002525
1.880634
0.001926
0.008840
1.379156
1.293326
0.434809
0.395336
0.000000
0.128825
0.657578
4.184229
0.000000
3.085685
4.326894
0.564679
0.273073
1.119459
0.011705
0.416520
1.600474
0.000000
0.956211
0.000000
0.000000
0.017973
3.940820
0.323025
0.042595
0.058633
0.024515
0.267372
0.000000
0.184463
0.678164
0.271527
0.104004
0.000000
0.024841
0.006938
0.010759
2.020327
1.584552
3.921114
1.677099
1.374312
0.006019
2.011203
2.713229
0.137659
1.519759
0.000000
0.000000
0.000000
0.132476
0.597113
0.860362
1.197677
1.686354
0.000000
0.342735
0.021061
0.068365
0.594459
0.837507
0.020220
0.045051
0.002403
0.019662
0.001274
3.151709
1.243218
2.233832
0.140209
0.000000
0.105385
0.000000
2.774082
0.819286
0.000000
0.004007
3.580939
2.444721
0.333946
2.780192
0.097683
1.163787
0.278183
0.019233
0.000000
0.000000
0.000000
0.064665
0.111216
0.662809
1.036719
0.000000
0.010336
1.903472
0.000000
2.201362
1.277434
0.024116
0.000000
0.965048
0.000302
0.012746
0.487413
1.356973
3.296094
4.174397
0.001473
1.026704
0.544858
0.007612
0.000693
0.000000
1.516816
0.726107
0.010358
3.245642
0.380256
0.554294
1.767531
0.000000
0.189669
0.705752
0.201721
0.000000
1.564940
0.000000
0.379721
0.315338
0.774948
0.044722
1.816779
0.001603
0.000000
1.073269
0.000000
0.424905
2.258724
0.000000
0.013422
0.151755
0.037260
1.050504
0.108289
0.002392
0.000000
0.031151
0.708628
0.449748
0.000000
0.000000
0.000000
2.605205
0.491096
1.356348
0.541501
0.375490
0.000000
0.354892
1.365246
0.279985
0.495765
0.062790
1.337735
0.193843
0.597792
0.000000
0.006073
0.000000
0.158701
0.890091
0.000000
0.750539
0.942887
0.002654
0.000000
0.164900
0.403661
1.327514
0.123671
0.803029
0.000000
1.520056
0.000000
1.132662
0.626322
0.219518
0.781939
0.760398
0.568080
0.000000
0.000000
1.026711
1.806237
0.295476
0.000000
1.522193
1.801277
2.312597
0.318837
0.941507
0.000000
0.068753
0.004962
0.239299
0.007643
0.656668
0.000000
0.004052
0.917113
0.000000
1.834877
0.000000
0.292764
1.911620
0.185382
0.000000
0.029697
0.000000
2.545922
0.112166
0.796491
0.247241
0.125449
0.788969
0.000000
0.643148
0.009730
0.298065
2.751580
2.032901
0.625915
0.098413
0.161572
2.576646
0.022360
0.491704
0.000000
0.116150
0.356342
0.114028
1.176113
1.828315
1.114349
0.000000
0.213617
0.629321
0.000000
1.076180
0.547608
1.975846
0.105064
0.017301
0.587423
1.326648
2.663885
0.000000
0.284165
0.110315
0.000000
1.160005
0.192597
0.535733
2.024762
0.000000
0.389581
0.000000
0.027970
2.305885
0.887927
1.294466
0.000000
0.039604
0.000000
1.107992
0.000000
0.000000
0.221004
0.028164
0.581169
2.253297
0.013078
0.350812
0.001440
0.010069
2.169412
1.486852
0.597594
3.681955
0.004359
1.802463
0.000000
2.047344
0.198140
2.527638
0.007060
1.020798
0.470845
0.000000
0.063015
2.470078
0.000000
1.633388
1.641681
1.277958
0.000000
0.839213
0.000000
0.000000
1.232800
0.000000
0.000000
0.257883
0.996992
0.705995
0.474180
0.500163
0.082159
0.051011
1.836801
0.863842
0.130811
0.157249
0.158834
0.034384
0.161691
0.000465
0.934528
0.449399
2.142610
0.303557
0.986375
0.058766
0.079102
0.466571
0.000000
1.352836
0.148847
0.418192
0.004967
0.214416
0.000000
0.016318
0.000000
0.955942
1.353708
0.511443
0.739414
1.024263
0.029665
0.462216
0.000000
0.150189
1.678531
0.074904
0.100988
1.306191
0.000000
0.000000
0.760562
0.958010
0.008876
2.787306
0.021488
0.000000
0.000000
0.000000
0.001571
0.000387
0.579062
0.001617
0.002082
1.363885
1.055242
1.725789
0.000000
0.000000
4.139462
0.660450
1.190571
0.325650
1.685755
0.000000
0.018820
1.865839
0.000902
0.565847
1.792808
0.000000
0.124969
0.000000
0.000000
1.342758
0.000000
1.321376
0.951297
0.508568
0.000000
0.233668
0.835812
0.000612
0.236476
0.063534
3.697554
0.000000
1.005169
2.378904
0.737843
0.001731
0.000000
1.463017
2.402255
0.563941
0.041260
0.300373
0.978552
0.000000
0.000000
0.000000
0.330479
0.000000
0.004945
0.681079
3.570985
0.732442
0.393201
1.626306
0.000000
0.494464
0.232494
3.315600
2.989172
0.000000
0.521473
0.028947
0.099028
0.117186
0.012653
1.406722
0.416449
0.446290
0.627062
0.125857
0.407176
1.801707
0.100891
0.036142
0.189867
0.000000
0.005698
0.000000
0.132452
0.938635
0.000000
0.000000
0.000000
0.288087
1.059903
3.752875
0.000000
0.000000
0.972933
0.000000
1.045530
0.220213
2.890932
1.803147
1.818370
0.025556
0.036383
0.135650
0.000000
0.000000
0.602693
0.716671
1.688915
0.080953
0.025184
0.000000
0.307751
2.498091
0.006566
1.372315
1.333534
0.963659
0.127064
1.564347
1.413496
0.000000
0.926715
0.000000
0.045154
0.000000
0.645776
0.697082
0.000000
0.227111
0.000000
0.000000
1.830737
3.400006
0.737844
0.000000
0.525125
0.000000
0.000000
0.039012
0.000000
0.490846
0.000000
0.000000
0.378002
0.000000
0.007445
0.561033
0.000000
0.129552
0.241781
0.000000
0.738451
1.334349
0.000000
0.000000
0.000000
0.000000
2.100020
0.000000
2.081776
0.000000
2.574941
0.000000
0.063305
0.241210
1.802375
0.000000
0.000000
0.000000
0.424219
0.000000
0.000000
0.318259
0.000000
0.000000
1.208264
0.788056
0.000000
0.000000
0.499257
0.031108
0.129265
0.000000
1.299730
1.727252
0.000000
1.313988
0.000000
0.000000
0.291567
0.354108
0.000000
1.916309
0.000000
0.029465
0.000000
1.989336
0.590273
1.333450
0.145172
0.000000
0.262665
0.000000
0.812679
0.375769
0.991695
0.000000
0.000000
0.000000
0.000000
0.000000
0.845652
0.000000
1.080699
0.460606
2.079066
0.075587
0.010289
0.000000
0.000000
0.533774
0.000000
0.000000
0.000283
0.365970
7.221527
0.000000
0.000000
0.000000
1.228232
0.155027
0.020511
0.023498
1.627917
0.000000
0.000000
0.001101
1.361038
0.162537
0.812788
0.392727
0.000000
0.000000
0.000000
0.000000
0.000000
0.000000
3.728131
0.914366
0.069586
0.295383
0.000000
0.008748
0.000000
0.000000
0.000000
0.381217
0.000000
0.288409
0.892704
3.765673
0.531222
0.000000
0.000000
0.269561
0.000000
0.004483
0.000000
0.000000
0.000000
0.000000
0.000000
0.000000
0.000000
0.000000
0.000000
0.000257
0.000000
0.000000
0.743335
0.000000
0.100302
2.379269
0.000000
0.000000
0.390537
0.010601
1.565457
0.000000
0.887136
0.000000
0.000000
0.000000
0.059075
0.655150
1.309454
0.089031
0.110821
0.000000
0.000000
0.210916
0.003453
0.092863
0.439230
0.012424
0.000000
0.000000
0.034028
0.004177
0.000000
0.000000
0.262728
0.141319
0.000000
0.000000
0.120042
0.000000
0.000000
0.000000
0.297434
0.000000
0.000000
1.004773
0.000000
0.240198
0.000000
0.000000
0.000000
3.514807
0.000000
0.345348
0.062960
0.000000
0.848644
0.000000
0.000000
0.000000
0.000000
0.230129
0.158069
0.000000
0.569028
0.532893
0.000000
0.416785
0.000000
0.000000
0.055809
0.172213
0.000000
0.000000
0.000000
0.000000
0.034523
0.000000
0.000000
0.096327
0.142124
0.082207
0.563481
0.000000
0.000000
0.030524
0.000000
0.057460
0.000000
0.016709
1.878406
0.012198
0.000000
0.004586
0.002436
0.136316
0.000000
0.091744
1.843968
0.575915
0.000000
0.100359
0.398567
0.009501
0.242184
0.000000
0.000000
0.000000
0.000000
0.000000
0.640765
1.391411
0.045524
0.046021
0.000000
0.038244
1.901776
0.182365
0.335380
1.224692
0.039481
0.221190
0.806236
0.000000
0.000000
0.000000
0.000000
0.000000
0.000000
0.000000
0.000000
2.099056
0.179346
0.000000
0.000000
0.099724
0.000000
0.000000
0.327770
0.597387
0.000000
0.104412
0.399149
0.807815
0.000000
0.000000
0.000000
0.169641
0.892210
0.426128
0.000000
0.404408
0.000000
0.043295
0.867314
0.000000
0.039275
0.867591
0.000000
0.000000
0.000000
0.000000
0.000000
0.000000
0.000000
0.000000
0.023490
0.000000
0.619280
0.496140
0.000000
0.875181
0.000000
0.227356
0.115290
0.015788
1.334371
0.090921
0.000000
0.031094
0.000000
0.000000
0.000000
0.035653
0.000000
0.522469
0.454906
0.613762
0.000000
0.007879
0.271076
0.000000
0.000000
0.000000
0.000000
0.000000
0.000000
0.000000
0.000000
0.000000
1.185233
0.000000
0.011029
0.000000
0.139714
0.165153
0.113805
0.509904
1.735829
0.000000
0.490959
0.555663
0.000000
0.134440
0.000000
0.000000
0.000000
0.478098
0.211723
0.000000
0.423322
0.787139
0.000000
0.214671
0.000000
0.000000
0.000000
0.078901
0.000000
0.000000
0.000000
0.000000
0.198233
1.215496
0.000000
0.000000
0.058726
0.115737
0.000000
1.884298
0.882100
0.000000
0.000000
1.926759
0.000000
0.012804
0.000000
0.042770
0.000000
0.010389
0.000000
0.143350
0.000000
0.000000
0.146948
0.221631
0.000000
0.000000
0.029127
0.052676
0.023332
0.431963
0.000000
0.000000
0.019028
2.938328
0.161123
0.000000
0.189601
0.027030
1.275447
0.042688
0.000000
0.002644
0.000000
0.087465
0.198857
0.000000
0.200124
0.000000
0.000000
0.000000
0.368043
0.156550
0.000000
0.200062
1.118154
0.000000
0.085822
0.000000
0.000000
0.000000
0.000308
2.007410
0.000000
0.000000
0.315008
0.537593
0.469404
0.000000
0.387258
0.000000
0.000000
0.000000
0.000000
0.000000
1.667800
0.000000
0.375407
0.250948
0.000000
0.000000
0.000000
0.896303
0.412328
0.265466
0.000000
0.000000
0.808368
0.000000
0.000000
0.016396
0.002343
1.108843
0.000000
1.392386
0.000000
0.129629
0.000000
0.455097
0.273837
0.159732
0.085263
0.185039
2.141717
1.287905
0.002448
1.178937
0.000000
0.000000
0.000000
0.904544
0.000000
0.000000
0.000000
0.000000
0.032533
0.119757
0.138576
0.350846
0.000000
0.000000
0.061867
0.415675
0.030513
0.444024
0.000000
0.000000
0.139667
1.734079
0.000000
0.000000
0.187965
0.000000
0.000000
0.174980
0.000000
0.769001
0.276407
0.337335
0.000000
0.724781
0.000000
0.834777
0.147055
0.002525
1.880634
0.001926
0.008840
1.379156
1.293326
0.434809
0.395336
0.000000
0.128825
0.657578
4.184229
0.000000
3.085685
4.326894
0.564679
0.273073
1.119459
0.011705
0.416520
1.600474
0.000000
0.956211
0.000000
0.000000
0.017973
3.940820
0.323025
0.042595
0.058633
0.024515
0.267372
0.000000
0.184463
0.678164
0.271527
0.104004
0.000000
0.024841
0.006938
0.010759
2.020327
1.584552
3.921114
1.677099
1.374312
0.006019
2.011203
2.713229
0.137659
1.519759
0.000000
0.000000
0.000000
0.132476
0.597113
0.860362
1.197677
1.686354
0.000000
0.342735
0.021061
0.068365
0.594459
0.837507
0.020220
0.045051
0.002403
0.019662
0.001274
3.151709
1.243218
2.233832
0.140209
0.000000
0.105385
0.000000
2.774082
0.819286
0.000000
0.004007
3.580939
2.444721
0.333946
2.780192
0.097683
1.163787
0.278183
0.019233
0.000000
0.000000
0.000000
0.064665
0.111216
0.662809
1.036719
0.000000
0.010336
1.903472
0.000000
2.201362
1.277434
0.024116
0.000000
0.965048
0.000302
0.012746
0.487413
1.356973
3.296094
4.174397
0.001473
1.026704
0.544858
0.007612
0.000693
0.000000
1.516816
0.726107
0.010358
3.245642
0.380256
0.554294
1.767531
0.000000
0.189669
0.705752
0.201721
0.000000
1.564940
0.000000
0.379721
0.315338
0.774948
0.044722
1.816779
0.001603
0.000000
1.073269
0.000000
0.424905
2.258724
0.000000
0.013422
0.151755
0.037260
1.050504
0.108289
0.002392
0.000000
0.031151
0.708628
0.449748
0.000000
0.000000
0.000000
2.605205
0.491096
1.356348
0.541501
0.375490
0.000000
0.354892
1.365246
0.279985
0.495765
0.062790
1.337735
0.193843
0.597792
0.000000
0.006073
0.000000
0.158701
0.890091
0.000000
0.750539
0.942887
0.002654
0.000000
0.164900
0.403661
1.327514
0.123671
0.803029
0.000000
1.520056
0.000000
1.132662
0.626322
0.219518
0.781939
0.760398
0.568080
0.000000
0.000000
1.026711
1.806237
0.295476
0.000000
1.522193
1.801277
2.312597
0.318837
0.941507
0.000000
0.068753
0.004962
0.239299
0.007643
0.656668
0.000000
0.004052
0.917113
0.000000
1.834877
0.000000
0.292764
1.911620
0.185382
0.000000
0.029697
0.000000
2.545922
0.112166
0.796491
0.247241
0.125449
0.788969
0.000000
0.643148
0.009730
0.298065
2.751580
2.032901
0.625915
0.098413
0.161572
2.576646
0.022360
0.491704
0.000000
0.116150
0.356342
0.114028
1.176113
1.828315
1.114349
0.000000
0.213617
0.629321
0.000000
1.076180
0.547608
1.975846
0.105064
0.017301
0.587423
1.326648
2.663885
0.000000
0.284165
0.110315
0.000000
1.160005
0.192597
0.535733
2.024762
0.000000
0.389581
0.000000
0.027970
2.305885
0.887927
1.294466
0.000000
0.039604
0.000000
1.107992
0.000000
0.000000
0.221004
0.028164
0.581169
2.253297
0.013078
0.350812
0.001440
0.010069
2.169412
1.486852
0.597594
3.681955
0.004359
1.802463
0.000000
2.047344
0.198140
2.527638
0.007060
1.020798
0.470845
0.000000
0.063015
2.470078
0.000000
1.633388
1.641681
1.277958
0.000000
0.839213
0.000000
0.000000
1.232800
0.000000
0.000000
0.257883
0.996992
0.705995
0.474180
0.500163
0.082159
0.051011
1.836801
0.863842
0.130811
0.157249
0.158834
0.034384
0.161691
0.000465
0.934528
0.449399
2.142610
0.303557
0.986375
0.058766
0.079102
0.466571
0.000000
1.352836
0.148847
0.418192
0.004967
0.214416
0.000000
0.016318
0.000000
0.955942
1.353708
0.511443
0.739414
1.024263
0.029665
0.462216
0.000000
0.150189
1.678531
0.074904
0.100988
1.306191
0.000000
0.000000
0.760562
0.958010
0.008876
2.787306
0.021488
0.000000
0.000000
0.000000
0.001571
0.000387
0.579062
0.001617
0.002082
1.363885
1.055242
1.725789
0.000000
0.000000
4.139462
0.660450
1.190571
0.325650
1.685755
0.000000
0.018820
1.865839
0.000902
0.565847
1.792808
0.000000
0.124969
0.000000
0.000000
1.342758
0.000000
1.321376
0.951297
0.508568
0.000000
0.233668
0.835812
0.000612
0.236476
0.063534
3.697554
0.000000
1.005169
2.378904
0.737843
0.001731
0.000000
1.463017
2.402255
0.563941
0.041260
0.300373
0.978552
0.000000
0.000000
0.000000
0.330479
0.000000
0.004945
0.681079
3.570985
0.732442
0.393201
1.626306
0.000000
0.494464
0.232494
3.315600
2.989172
0.000000
0.521473
0.028947
0.099028
0.117186
0.012653
1.406722
0.416449
0.446290
0.627062
0.125857
0.407176
1.801707
0.100891
0.036142
0.189867
0.000000
0.005698
0.000000
0.132452
0.938635
0.000000
0.000000
0.000000
0.288087
1.059903
3.752875
0.000000
0.000000
0.972933
0.000000
1.045530
0.220213
2.890932
1.803147
1.818370
0.025556
0.036383
0.135650
0.000000
0.000000
0.602693
0.716671
1.688915
0.080953
0.025184
0.000000
0.307751
2.498091
0.006566
1.372315
1.333534
0.963659
0.127064
1.564347
1.413496
0.000000
0.926715
0.000000
0.045154
0.000000
0.645776
0.697082
0.000000
0.227111
0.000000
0.000000
1.830737
3.400006
0.737844
0.000000
0.525125
0.000000
0.000000
0.039012
0.000000
0.490846
0.000000
0.000000
0.378002
0.000000
0.007445
0.561033
0.000000
0.129552
0.241781
0.000000
0.738451
1.334349
0.000000
0.000000
0.000000
0.000000
2.100020
0.000000
2.081776
0.000000
2.574941
0.000000
0.063305
0.241210
1.802375
0.000000
0.000000
0.000000
0.424219
0.000000
0.000000
0.318259
0.000000
0.000000
1.208264
0.788056
0.000000
0.000000
0.499257
0.031108
0.129265
0.000000
1.299730
1.727252
0.000000
1.313988
0.000000
0.000000
0.291567
0.354108
0.000000
1.916309
0.000000
0.029465
0.000000
1.989336
0.590273
1.333450
0.145172
0.000000
0.262665
0.000000
0.812679
0.375769
0.991695
0.000000
0.000000
0.000000
0.000000
0.000000
0.845652
0.000000
1.080699
0.460606
2.079066
0.075587
0.010289
0.000000
0.000000
0.533774
0.000000
0.000000
0.000283
0.365970
7.221527
0.000000
0.000000
0.000000
1.228232
0.155027
0.020511
0.023498
1.627917
0.000000
0.000000
0.001101
1.361038
0.162537
0.812788
0.392727
0.000000
0.000000
0.000000
0.000000
0.000000
0.000000
3.728131
0.914366
0.069586
0.295383
0.000000
0.008748
0.000000
0.000000
0.000000
0.381217
0.000000
0.288409
0.892704
3.765673
0.531222
0.000000
0.000000
0.269561
0.000000
0.004483
0.000000
0.000000
0.000000
0.000000
0.000000
0.000000
0.000000
0.000000
0.000000
0.000257
0.000000
0.000000
0.743335
0.000000
0.100302
2.379269
0.000000
0.000000
0.390537
0.010601
1.565457
0.000000
0.887136
0.000000
0.000000
0.000000
0.059075
0.655150
1.309454
0.089031
0.110821
0.000000
0.000000
0.210916
0.003453
0.092863
0.439230
0.012424
0.000000
0.000000
0.034028
0.004177
0.000000
0.000000
0.262728
0.141319
0.000000
0.000000
0.120042
0.000000
0.000000
0.000000
0.297434
0.000000
0.000000
1.004773
0.000000
0.240198
0.000000
0.000000
0.000000
3.514807
0.000000
0.345348
0.062960
0.000000
0.848644
0.000000
0.000000
0.000000
0.000000
0.230129
0.158069
0.000000
0.569028
0.532893
0.000000
0.416785
0.000000
0.000000
0.055809
0.172213
0.000000
0.000000
0.000000
0.000000
0.034523
0.000000
0.000000
0.096327
0.142124
0.082207
0.563481
0.000000
0.000000
0.030524
0.000000
0.057460
0.000000
0.016709
1.878406
0.012198
0.000000
0.004586
0.002436
0.136316
0.000000
0.091744
1.843968
0.575915
0.000000
0.100359
0.398567
0.009501
0.242184
0.000000
0.000000
0.000000
0.000000
0.000000
0.640765
1.391411
0.045524
0.046021
0.000000
0.038244
1.901776
0.182365
0.335380
1.224692
0.039481
0.221190
0.806236
0.000000
0.000000
0.000000
0.000000
0.000000
0.000000
0.000000
0.000000
2.099056
0.179346
0.000000
0.000000
0.099724
0.000000
0.000000
0.327770
0.597387
0.000000
0.104412
0.399149
0.807815
0.000000
0.000000
0.000000
0.169641
0.892210
0.426128
0.000000
0.404408
0.000000
0.043295
0.867314
0.000000
0.039275
0.867591
0.000000
0.000000
0.000000
0.000000
0.000000
0.000000
0.000000
0.000000
0.023490
0.000000
0.619280
0.496140
0.000000
0.875181
0.000000
0.227356
0.115290
0.015788
1.334371
0.090921
0.000000
0.031094
0.000000
0.000000
0.000000
0.035653
0.000000
0.522469
0.454906
0.613762
0.000000
0.007879
0.271076
0.000000
0.000000
0.000000
0.000000
0.000000
0.000000
0.000000
0.000000
0.000000
1.185233
0.000000
0.011029
0.000000
0.139714
0.165153
0.113805
0.509904
1.735829
0.000000
0.490959
0.555663
0.000000
0.134440
0.000000
0.000000
0.000000
0.478098
0.211723
0.000000
0.423322
0.787139
0.000000
0.214671
0.000000
0.000000
0.000000
0.078901
0.000000
0.000000
0.000000
0.000000
0.198233
1.215496
0.000000
0.000000
0.058726
0.115737
0.000000
1.884298
0.882100
0.000000
0.000000
1.926759
0.000000
0.012804
0.000000
0.042770
0.000000
0.010389
0.000000
0.143350
0.000000
0.000000
0.146948
0.221631
0.000000
0.000000
0.029127
0.052676
0.023332
0.431963
0.000000
0.000000
0.019028
2.938328
0.161123
0.000000
0.189601
0.027030
1.275447
0.042688
0.000000
0.002644
0.000000
0.087465
0.198857
0.000000
0.200124
0.000000
0.000000
0.000000
0.368043
0.156550
0.000000
0.200062
1.118154
0.000000
0.085822
0.000000
0.000000
0.000000
0.000308
2.007410
0.000000
0.000000
0.315008
0.537593
0.469404
0.000000
0.387258
0.000000
0.000000
0.000000
0.000000
0.000000
1.667800
0.000000
0.375407
0.250948
0.000000
0.000000
0.000000
0.896303
0.412328
0.265466
0.000000
0.000000
0.808368
0.000000
0.000000
0.016396
0.002343
1.108843
0.000000
1.392386
0.000000
0.129629
0.000000
0.455097
0.273837
0.159732
0.085263
0.185039
2.141717
1.287905
0.002448
1.178937
0.000000
0.000000
0.000000
0.904544
0.000000
0.000000
0.000000
0.000000
0.032533
0.119757
0.138576
0.350846
0.000000
0.000000
0.061867
0.415675
0.030513
0.444024
0.000000
0.000000
0.139667
1.734079
0.000000
0.000000
0.187965
0.000000
0.000000
0.174980
0.000000
0.769001
0.276407
0.337335
0.000000
0.724781
0.000000
0.834777
0.147055
0.002525
1.880634
0.001926
0.008840
1.379156
1.293326
0.434809
0.395336
0.000000
0.128825
0.657578
4.184229
0.000000
3.085685
4.326894
0.564679
0.273073
1.119459
0.011705
0.416520
1.600474
0.000000
0.956211
0.000000
0.000000
0.017973
3.940820
0.323025
0.042595
0.058633
0.024515
0.267372
0.000000
0.184463
0.678164
0.271527
0.104004
0.000000
0.024841
0.006938
0.010759
2.020327
1.584552
3.921114
1.677099
1.374312
0.006019
2.011203
2.713229
0.137659
1.519759
0.000000
0.000000
0.000000
0.132476
0.597113
0.860362
1.197677
1.686354
0.000000
0.342735
0.021061
0.068365
0.594459
0.837507
0.020220
0.045051
0.002403
0.019662
0.001274
3.151709
1.243218
2.233832
0.140209
0.000000
0.105385
0.000000
2.774082
0.819286
0.000000
0.004007
3.580939
2.444721
0.333946
2.780192
0.097683
1.163787
0.278183
0.019233
0.000000
0.000000
0.000000
0.064665
0.111216
0.662809
1.036719
0.000000
0.010336
1.903472
0.000000
2.201362
1.277434
0.024116
0.000000
0.965048
0.000302
0.012746
0.487413
1.356973
3.296094
4.174397
0.001473
1.026704
0.544858
0.007612
0.000693
0.000000
1.516816
0.726107
0.010358
3.245642
0.380256
0.554294
1.767531
0.000000
0.189669
0.705752
0.201721
0.000000
1.564940
0.000000
0.379721
0.315338
0.774948
0.044722
1.816779
0.001603
0.000000
1.073269
0.000000
0.424905
2.258724
0.000000
0.013422
0.151755
0.037260
1.050504
0.108289
0.002392
0.000000
0.031151
0.708628
0.449748
0.000000
0.000000
0.000000
2.605205
0.491096
1.356348
0.541501
0.375490
0.000000
0.354892
1.365246
0.279985
0.495765
0.062790
1.337735
0.193843
0.597792
0.000000
0.006073
0.000000
0.158701
0.890091
0.000000
0.750539
0.942887
0.002654
0.000000
0.164900
0.403661
1.327514
0.123671
0.803029
0.000000
1.520056
0.000000
1.132662
0.626322
0.219518
0.781939
0.760398
0.568080
0.000000
0.000000
1.026711
1.806237
0.295476
0.000000
1.522193
1.801277
2.312597
0.318837
0.941507
0.000000
0.068753
0.004962
0.239299
0.007643
0.656668
0.000000
0.004052
0.917113
0.000000
1.834877
0.000000
0.292764
1.911620
0.185382
0.000000
0.029697
0.000000
2.545922
0.112166
0.796491
0.247241
0.125449
0.788969
0.000000
0.643148
0.009730
0.298065
2.751580
2.032901
0.625915
0.098413
0.161572
2.576646
0.022360
0.491704
0.000000
0.116150
0.356342
0.114028
1.176113
1.828315
1.114349
0.000000
0.213617
0.629321
0.000000
1.076180
0.547608
1.975846
0.105064
0.017301
0.587423
1.326648
2.663885
0.000000
0.284165
0.110315
0.000000
1.160005
0.192597
0.535733
2.024762
0.000000
0.389581
0.000000
0.027970
2.305885
0.887927
1.294466
0.000000
0.039604
0.000000
1.107992
0.000000
0.000000
0.221004
0.028164
0.581169
2.253297
0.013078
0.350812
0.001440
0.010069
2.169412
1.486852
0.597594
3.681955
0.004359
1.802463
0.000000
2.047344
0.198140
2.527638
0.007060
1.020798
0.470845
0.000000
0.063015
2.470078
0.000000
1.633388
1.641681
1.277958
0.000000
0.839213
0.000000
0.000000
1.232800
0.000000
0.000000
0.257883
0.996992
0.705995
0.474180
0.500163
0.082159
0.051011
1.836801
0.863842
0.130811
0.157249
0.158834
0.034384
0.161691
0.000465
0.934528
0.449399
2.142610
0.303557
0.986375
0.058766
0.079102
0.466571
0.000000
1.352836
0.148847
0.418192
0.004967
0.214416
0.000000
0.016318
0.000000
0.955942
1.353708
0.511443
0.739414
1.024263
0.029665
0.462216
0.000000
0.150189
1.678531
0.074904
0.100988
1.306191
0.000000
0.000000
0.760562
0.958010
0.008876
2.787306
0.021488
0.000000
0.000000
0.000000
0.001571
0.000387
0.579062
0.001617
0.002082
1.363885
1.055242
1.725789
0.000000
0.000000
4.139462
0.660450
1.190571
0.325650
1.685755
0.000000
0.018820
1.865839
0.000902
0.565847
1.792808
0.000000
0.124969
0.000000
0.000000
1.342758
0.000000
1.321376
0.951297
0.508568
0.000000
0.233668
0.835812
0.000612
0.236476
0.063534
3.697554
0.000000
1.005169
2.378904
0.737843
0.001731
0.000000
1.463017
2.402255
0.563941
0.041260
0.300373
0.978552
0.000000
0.000000
0.000000
0.330479
0.000000
0.004945
0.681079
3.570985
0.732442
0.393201
1.626306
0.000000
0.494464
0.232494
3.315600
2.989172
0.000000
0.521473
0.028947
0.099028
0.117186
0.012653
1.406722
0.416449
0.446290
0.627062
0.125857
0.407176
1.801707
0.100891
0.036142
0.189867
0.000000
0.005698
0.000000
0.132452
0.938635
0.000000
0.000000
0.000000
0.288087
1.059903
3.752875
0.000000
0.000000
0.972933
0.000000
1.045530
0.220213
2.890932
1.803147
1.818370
0.025556
0.036383
0.135650
0.000000
0.000000
0.602693
0.716671
1.688915
0.080953
0.025184
0.000000
0.307751
2.498091
0.006566
1.372315
1.333534
0.963659
0.127064
1.564347
1.413496
0.000000
0.926715
0.000000
0.045154
0.000000
0.645776
0.697082
0.000000
0.227111
0.000000
0.000000
1.830737
3.400006
0.737844
0.000000
0.525125
0.000000
0.000000
0.039012
0.000000
0.490846
0.000000
0.000000
0.378002
0.000000
0.007445
0.561033
0.000000
0.129552
0.241781
0.000000
0.738451
1.334349
0.000000
0.000000
0.000000
0.000000
2.100020
0.000000
2.081776
0.000000
2.574941
0.000000
0.063305
0.241210
1.802375
0.000000
0.000000
0.000000
0.424219
0.000000
0.000000
0.318259
0.000000
0.000000
1.208264
0.788056
0.000000
0.000000
0.499257
0.031108
0.129265
0.000000
1.299730
1.727252
0.000000
1.313988
0.000000
0.000000
0.291567
0.354108
0.000000
1.916309
0.000000
0.029465
0.000000
1.989336
0.590273
1.333450
0.145172
0.000000
0.262665
0.000000
0.812679
0.375769
0.991695
0.000000
0.000000
0.000000
0.000000
0.000000
0.845652
0.000000
1.080699
0.460606
2.079066
0.075587
0.010289
0.000000
0.000000
0.533774
0.000000
0.000000
0.000283
0.365970
7.221527
0.000000
0.000000
0.000000
1.228232
0.155027
0.020511
0.023498
1.627917
0.000000
0.000000
0.001101
1.361038
0.162537
0.812788
0.392727
0.000000
0.000000
0.000000
0.000000
0.000000
0.000000
3.728131
0.914366
0.069586
0.295383
0.000000
0.008748
0.000000
0.000000
0.000000
0.381217
0.000000
0.288409
0.892704
3.765673
0.531222
0.000000
0.000000
0.269561
0.000000
0.004483
0.000000
0.000000
0.000000
0.000000
0.000000
0.000000
0.000000
0.000000
0.000000
0.000257
0.000000
0.000000
0.743335
0.000000
0.100302
2.379269
0.000000
0.000000
0.390537
0.010601
1.565457
0.000000
0.887136
0.000000
0.000000
0.000000
0.059075
0.655150
1.309454
0.089031
0.110821
0.000000
0.000000
0.210916
0.003453
0.092863
0.439230
0.012424
0.000000
0.000000
0.034028
0.004177
0.000000
0.000000
0.262728
0.141319
0.000000
0.000000
0.120042
0.000000
0.000000
0.000000
0.297434
0.000000
0.000000
1.004773
0.000000
0.240198
0.000000
0.000000
0.000000
3.514807
0.000000
0.345348
0.062960
0.000000
0.848644
0.000000
0.000000
0.000000
0.000000
0.230129
0.158069
0.000000
0.569028
0.532893
0.000000
0.416785
0.000000
0.000000
0.055809
0.172213
0.000000
0.000000
0.000000
0.000000
0.034523
0.000000
0.000000
0.096327
0.142124
0.082207
0.563481
0.000000
0.000000
0.030524
0.000000
0.057460
0.000000
0.016709
1.878406
0.012198
0.000000
0.004586
0.002436
0.136316
0.000000
0.091744
1.843968
0.575915
0.000000
0.100359
0.398567
0.009501
0.242184
0.000000
0.000000
0.000000
0.000000
0.000000
0.640765
1.391411
0.045524
0.046021
0.000000
0.038244
1.901776
0.182365
0.335380
1.224692
0.039481
0.221190
0.806236
0.000000
0.000000
0.000000
0.000000
0.000000
0.000000
0.000000
0.000000
2.099056
0.179346
0.000000
0.000000
0.099724
0.000000
0.000000
0.327770
0.597387
0.000000
0.104412
0.399149
0.807815
0.000000
0.000000
0.000000
0.169641
0.892210
0.426128
0.000000
0.404408
0.000000
0.043295
0.867314
0.000000
0.039275
0.867591
0.000000
0.000000
0.000000
0.000000
0.000000
0.000000
0.000000
0.000000
0.023490
0.000000
0.619280
0.496140
0.000000
0.875181
0.000000
0.227356
0.115290
0.015788
1.334371
0.090921
0.000000
0.031094
0.000000
0.000000
0.000000
0.035653
0.000000
0.522469
0.454906
0.613762
0.000000
0.007879
0.271076
0.000000
0.000000
0.000000
0.000000
0.000000
0.000000
0.000000
0.000000
0.000000
1.185233
0.000000
0.011029
0.000000
0.139714
0.165153
0.113805
0.509904
1.735829
0.000000
0.490959
0.555663
0.000000
0.134440
0.000000
0.000000
0.000000
0.478098
0.211723
0.000000
0.423322
0.787139
0.000000
0.214671
0.000000
0.000000
0.000000
0.078901
0.000000
0.000000
0.000000
0.000000
0.198233
1.215496
0.000000
0.000000
0.058726
0.115737
0.000000
1.884298
0.882100
0.000000
0.000000
1.926759
0.000000
0.012804
0.000000
0.042770
0.000000
0.010389
0.000000
0.143350
0.000000
0.000000
0.146948
0.221631
0.000000
0.000000
0.029127
0.052676
0.023332
0.431963
0.000000
0.000000
0.019028
2.938328
0.161123
0.000000
0.189601
0.027030
1.275447
0.042688
0.000000
0.002644
0.000000
0.087465
0.198857
0.000000
0.200124
0.000000
0.000000
0.000000
0.368043
0.156550
0.000000
0.200062
1.118154
0.000000
0.085822
0.000000
0.000000
0.000000
0.000308
2.007410
0.000000
0.000000
0.315008
0.537593
0.469404
0.000000
0.387258
0.000000
0.000000
0.000000
0.000000
0.000000
1.667800
0.000000
0.375407
0.250948
0.000000
0.000000
0.000000
0.896303
0.412328
0.265466
0.000000
0.000000
0.808368
0.000000
0.000000
0.016396
0.002343
1.108843
0.000000
1.392386
0.000000
0.129629
0.000000
0.455097
0.273837
0.159732
0.085263
0.185039
2.141717
1.287905
0.002448
1.178937
0.000000
0.000000
0.000000
0.904544
0.000000
0.000000
0.000000
0.000000
0.032533
0.119757
0.138576
0.350846
0.000000
0.000000
0.061867
0.415675
0.030513
0.444024
0.000000
0.000000
0.139667
1.734079
0.000000
0.000000
0.187965
0.000000
0.000000
0.174980
0.000000
0.769001
0.276407
0.337335
0.000000
0.724781
0.000000
0.834777
0.147055
0.002525
1.880634
0.001926
0.008840
1.379156
1.293326
0.434809
0.395336
0.000000
0.128825
0.657578
4.184229
0.000000
3.085685
4.326894
0.564679
0.273073
1.119459
0.011705
0.416520
1.600474
0.000000
0.956211
0.000000
0.000000
0.017973
3.940820
0.323025
0.042595
0.058633
0.024515
0.267372
0.000000
0.184463
0.678164
0.271527
0.104004
0.000000
0.024841
0.006938
0.010759
2.020327
1.584552
3.921114
1.677099
1.374312
0.006019
2.011203
2.713229
0.137659
1.519759
0.000000
0.000000
0.000000
0.132476
0.597113
0.860362
1.197677
1.686354
0.000000
0.342735
0.021061
0.068365
0.594459
0.837507
0.020220
0.045051
0.002403
0.019662
0.001274
3.151709
1.243218
2.233832
0.140209
0.000000
0.105385
0.000000
2.774082
0.819286
0.000000
0.004007
3.580939
2.444721
0.333946
2.780192
0.097683
1.163787
0.278183
0.019233
0.000000
0.000000
0.000000
0.064665
0.111216
0.662809
1.036719
0.000000
0.010336
1.903472
0.000000
2.201362
1.277434
0.024116
0.000000
0.965048
0.000302
0.012746
0.487413
1.356973
3.296094
4.174397
0.001473
1.026704
0.544858
0.007612
0.000693
0.000000
1.516816
0.726107
0.010358
3.245642
0.380256
0.554294
1.767531
0.000000
0.189669
0.705752
0.201721
0.000000
1.564940
0.000000
0.379721
0.315338
0.774948
0.044722
1.816779
0.001603
0.000000
1.073269
0.000000
0.424905
2.258724
0.000000
0.013422
0.151755
0.037260
1.050504
0.108289
0.002392
0.000000
0.031151
0.708628
0.449748
0.000000
0.000000
0.000000
2.605205
0.491096
1.356348
0.541501
0.375490
0.000000
0.354892
1.365246
0.279985
0.495765
0.062790
1.337735
0.193843
0.597792
0.000000
0.006073
0.000000
0.158701
0.890091
0.000000
0.750539
0.942887
0.002654
0.000000
0.164900
0.403661
1.327514
0.123671
0.803029
0.000000
1.520056
0.000000
1.132662
0.626322
0.219518
0.781939
0.760398
0.568080
0.000000
0.000000
1.026711
1.806237
0.295476
0.000000
1.522193
1.801277
2.312597
0.318837
0.941507
0.000000
0.068753
0.004962
0.239299
0.007643
0.656668
0.000000
0.004052
0.917113
0.000000
1.834877
0.000000
0.292764
1.911620
0.185382
0.000000
0.029697
0.000000
2.545922
0.112166
0.796491
0.247241
0.125449
0.788969
0.000000
0.643148
0.009730
0.298065
2.751580
2.032901
0.625915
0.098413
0.161572
2.576646
0.022360
0.491704
0.000000
0.116150
0.356342
0.114028
1.176113
1.828315
1.114349
0.000000
0.213617
0.629321
0.000000
1.076180
0.547608
1.975846
0.105064
0.017301
0.587423
1.326648
2.663885
0.000000
0.284165
0.110315
0.000000
1.160005
0.192597
0.535733
2.024762
0.000000
0.389581
0.000000
0.027970
2.305885
0.887927
1.294466
0.000000
0.039604
0.000000
1.107992
0.000000
0.000000
0.221004
0.028164
0.581169
2.253297
0.013078
0.350812
0.001440
0.010069
2.169412
1.486852
0.597594
3.681955
0.004359
1.802463
0.000000
2.047344
0.198140
2.527638
0.007060
1.020798
0.470845
0.000000
0.063015
2.470078
0.000000
1.633388
1.641681
1.277958
0.000000
0.839213
0.000000
0.000000
1.232800
0.000000
0.000000
0.257883
0.996992
0.705995
0.474180
0.500163
0.082159
0.051011
1.836801
0.863842
0.130811
0.157249
0.158834
0.034384
0.161691
0.000465
0.934528
0.449399
2.142610
0.303557
0.986375
0.058766
0.079102
0.466571
0.000000
1.352836
0.148847
0.418192
0.004967
0.214416
0.000000
0.016318
0.000000
0.955942
1.353708
0.511443
0.739414
1.024263
0.029665
0.462216
0.000000
0.150189
1.678531
0.074904
0.100988
1.306191
0.000000
0.000000
0.760562
0.958010
0.008876
2.787306
0.021488
0.000000
0.000000
0.000000
0.001571
0.000387
0.579062
0.001617
0.002082
1.363885
1.055242
1.725789
0.000000
0.000000
4.139462
0.660450
1.190571
0.325650
1.685755
0.000000
0.018820
1.865839
0.000902
0.565847
1.792808
0.000000
0.124969
0.000000
0.000000
1.342758
0.000000
1.321376
0.951297
0.508568
0.000000
0.233668
0.835812
0.000612
0.236476
0.063534
3.697554
0.000000
1.005169
2.378904
0.737843
0.001731
0.000000
1.463017
2.402255
0.563941
0.041260
0.300373
0.978552
0.000000
0.000000
0.000000
0.330479
0.000000
0.004945
0.681079
3.570985
0.732442
0.393201
1.626306
0.000000
0.494464
0.232494
3.315600
2.989172
0.000000
0.521473
0.028947
0.099028
0.117186
0.012653
1.406722
0.416449
0.446290
0.627062
0.125857
0.407176
1.801707
0.100891
0.036142
0.189867
0.000000
0.005698
0.000000
0.132452
0.938635
0.000000
0.000000
0.000000
0.288087
1.059903
3.752875
0.000000
0.000000
0.972933
0.000000
1.045530
0.220213
2.890932
1.803147
1.818370
0.025556
0.036383
0.135650
0.000000
0.000000
0.602693
0.716671
1.688915
0.080953
0.025184
0.000000
0.307751
2.498091
0.006566
1.372315
1.333534
0.963659
0.127064
1.564347
1.413496
0.000000
0.926715
0.000000
0.045154
0.000000
0.645776
0.697082
0.000000
0.227111
0.000000
0.000000
1.830737
3.400006
0.737844
0.000000
0.525125
0.000000
0.000000
0.039012
0.000000
0.490846
0.000000
0.000000
0.378002
0.000000
0.007445
0.561033
0.000000
0.129552
0.241781
0.000000
0.738451
1.334349
0.000000
0.000000
0.000000
0.000000
2.100020
0.000000
2.081776
0.000000
2.574941
0.000000
0.063305
0.241210
1.802375
0.000000
0.000000
0.000000
0.424219
0.000000
0.000000
0.318259
0.000000
0.000000
1.208264
0.788056
0.000000
0.000000
0.499257
0.031108
0.129265
0.000000
1.299730
1.727252
0.000000
1.313988
0.000000
0.000000
0.291567
0.354108
0.000000
1.916309
0.000000
0.029465
0.000000
1.989336
0.590273
1.333450
0.145172
0.000000
0.262665
0.000000
0.812679
0.375769
0.991695
0.000000
0.000000
0.000000
0.000000
0.000000
0.845652
0.000000
1.080699
0.460606
2.079066
0.075587
0.010289
0.000000
0.000000
0.533774
0.000000
0.000000
0.000283
0.365970
7.221527
0.000000
0.000000
0.000000
1.228232
0.155027
0.020511
0.023498
1.627917
0.000000
0.000000
0.001101
1.361038
0.162537
0.812788
0.392727
0.000000
0.000000
0.000000
0.000000
0.000000
0.000000
3.728131
0.914366
0.069586
0.295383
0.000000
0.008748
0.000000
0.000000
0.000000
0.381217
0.000000
0.288409
0.892704
3.765673
0.531222
0.000000
0.000000

